0 0.13686342578125 1 0.12825520833333334 0.9928934010152284 0.126953125 0.9857868020304569 0.12239583333333333 0.9807106598984772 0.10481770833333333 0.9908629441624366 0.09973958333333333 1 0.13686342578125 1
0 0.11458333333333333 0.6081218274111675 0.123046875 0.6111675126903553 0.13020833333333334 0.6050761421319797 0.13216145833333334 0.5908629441624366 0.12890625 0.5786802030456852 0.11783854166666667 0.5766497461928934 0.11002604166666667 0.5868020304568528 0.109375 0.5979695431472081 0.11458333333333333 0.6081218274111675
0 0.026041666666666668 0.6040609137055838 0.032552083333333336 0.6030456852791878 0.0390625 0.5928934010152285 0.037760416666666664 0.582741116751269 0.032552083333333336 0.5756345177664974 0.022135416666666668 0.581725888324873 0.021484375 0.5969543147208122 0.026041666666666668 0.6040609137055838
0 0.022135416666666668 0.5614213197969543 0.044921875 0.5563451776649746 0.04296875 0.5492385786802031 0.037109375 0.5482233502538071 0.029947916666666668 0.5401015228426396 0.020833333333333332 0.5431472081218274 0.01953125 0.5563451776649746 0.022135416666666668 0.5614213197969543
0 0.08463541666666667 0.4761421319796954 0.09049479166666667 0.47918781725888326 0.09700520833333333 0.4761421319796954 0.09765625 0.46903553299492384 0.09375 0.4578680203045685 0.087890625 0.4548223350253807 0.08203125 0.4578680203045685 0.08072916666666667 0.46903553299492384 0.08463541666666667 0.4761421319796954
0 0.20345377604166667 0.46361928934010155 0.203994140625 0.46361928934010155 0.203994140625 0.46277664974619287 0.20345377604166667 0.46277664974619287 0.20345377604166667 0.46361928934010155
0 0.19140625 0.48223350253807107 0.19986979166666666 0.4812182741116751 0.20703125 0.47106598984771575 0.20638020833333334 0.45989847715736043 0.19986979166666666 0.45076142131979696 0.19270833333333334 0.449746192893401 0.185546875 0.45989847715736043 0.18489583333333334 0.46903553299492384 0.19140625 0.48223350253807107
0 0.2604166666666667 0.6649746192893401 0.26953125 0.665989847715736 0.2838541666666667 0.6467005076142132 0.306640625 0.6355329949238578 0.3131510416666667 0.6304568527918781 0.3138020833333333 0.6253807106598985 0.2923177083333333 0.6030456852791878 0.2864583333333333 0.6182741116751269 0.265625 0.6284263959390863 0.2571614583333333 0.6456852791878173 0.2571614583333333 0.6609137055837564 0.2604166666666667 0.6649746192893401
0 0.24088541666666666 0.5025380710659898 0.2584635416666667 0.4883248730964467 0.2760416666666667 0.4873096446700508 0.255859375 0.46294416243654823 0.25 0.45989847715736043 0.24088541666666666 0.4639593908629442 0.24153645833333334 0.4761421319796954 0.236328125 0.483248730964467 0.236328125 0.4954314720812183 0.24088541666666666 0.5025380710659898
0 0.2610677083333333 0.4263959390862944 0.2584635416666667 0.4385786802030457 0.2623697916666667 0.449746192893401 0.2825520833333333 0.4578680203045685 0.298828125 0.4527918781725888 0.2897135416666667 0.4182741116751269 0.2799479166666667 0.40913705583756343 0.279296875 0.3979695431472081 0.2766927083333333 0.3949238578680203 0.271484375 0.3979695431472081 0.2571614583333333 0.39593908629441626 0.251953125 0.4040609137055838 0.2526041666666667 0.4182741116751269 0.2610677083333333 0.4263959390862944
0 0.2740885416666667 0.3715736040609137 0.2799479166666667 0.36548223350253806 0.2897135416666667 0.34213197969543147 0.3170572916666667 0.332994923857868 0.3177083333333333 0.32893401015228424 0.3014322916666667 0.3197969543147208 0.279296875 0.3238578680203046 0.2708333333333333 0.33401015228426395 0.265625 0.34822335025380713 0.2669270833333333 0.366497461928934 0.2740885416666667 0.3715736040609137
0 0.24739583333333334 0.33401015228426395 0.2565104166666667 0.33908629441624366 0.2649739583333333 0.32588832487309644 0.279296875 0.31370558375634516 0.2760416666666667 0.30761421319796955 0.2545572916666667 0.3086294416243655 0.24479166666666666 0.31573604060913707 0.244140625 0.3248730964467005 0.24739583333333334 0.33401015228426395
0 0.2513020833333333 0.3380710659898477 0.2682291666666667 0.3411167512690355 0.2649739583333333 0.3604060913705584 0.271484375 0.37055837563451777 0.27734375 0.36548223350253806 0.2890625 0.33908629441624366 0.3170572916666667 0.33096446700507615 0.3170572916666667 0.3269035532994924 0.3131510416666667 0.32791878172588834 0.2942708333333333 0.30558375634517765 0.2578125 0.30761421319796955 0.24479166666666666 0.3147208121827411 0.244140625 0.32588832487309644 0.2513020833333333 0.3380710659898477
0 0.19791666666666666 0.3380710659898477 0.220703125 0.3197969543147208 0.2604166666666667 0.30456852791878175 0.2727864583333333 0.29035532994923857 0.263671875 0.28730964467005077 0.240234375 0.2984771573604061 0.21875 0.300507614213198 0.197265625 0.31269035532994927 0.19075520833333334 0.3238578680203046 0.19075520833333334 0.33401015228426395 0.19791666666666666 0.3380710659898477
0 0.21614583333333334 0.28426395939086296 0.23372395833333334 0.29441624365482233 0.2506510416666667 0.2883248730964467 0.240234375 0.27614213197969545 0.23697916666666666 0.25279187817258886 0.23372395833333334 0.24568527918781727 0.22526041666666666 0.2467005076142132 0.21940104166666666 0.23959390862944163 0.216796875 0.23045685279187816 0.21158854166666666 0.23045685279187816 0.20768229166666666 0.2365482233502538 0.20442708333333334 0.2548223350253807 0.21614583333333334 0.28426395939086296
0 0.123046875 0.25888324873096447 0.1328125 0.2751269035532995 0.140625 0.27715736040609135 0.138671875 0.29644670050761424 0.14322916666666666 0.31065989847715736 0.15625 0.300507614213198 0.16341145833333334 0.3096446700507614 0.1640625 0.3187817258883249 0.16927083333333334 0.3218274111675127 0.18359375 0.30456852791878175 0.19661458333333334 0.3035532994923858 0.20768229166666666 0.3096446700507614 0.20963541666666666 0.3147208121827411 0.22005208333333334 0.3096446700507614 0.22330729166666666 0.31675126903553297 0.24934895833333334 0.30558375634517765 0.25 0.29441624365482233 0.248046875 0.2934010152284264 0.22330729166666666 0.29441624365482233 0.22005208333333334 0.28730964467005077 0.21549479166666666 0.2862944162436548 0.16276041666666666 0.28527918781725886 0.15169270833333334 0.26802030456852793 0.14518229166666666 0.24467005076142131 0.13802083333333334 0.23045685279187816 0.12890625 0.22741116751269036 0.12239583333333333 0.23553299492385787 0.11979166666666667 0.2467005076142132 0.123046875 0.25888324873096447
0 0.09309895833333333 0.30558375634517765 0.103515625 0.3065989847715736 0.11328125 0.300507614213198 0.11458333333333333 0.31370558375634516 0.12434895833333333 0.31065989847715736 0.13346354166666666 0.29035532994923857 0.12760416666666666 0.28223350253807106 0.10677083333333333 0.27715736040609135 0.09700520833333333 0.27918781725888325 0.09049479166666667 0.2883248730964467 0.08984375 0.2984771573604061 0.09309895833333333 0.30558375634517765
0 0.024739583333333332 0.17563451776649747 0.027994791666666668 0.17258883248730963 0.029296875 0.16446700507614212 0.025390625 0.15532994923857868 0.017578125 0.16040609137055836 0.018880208333333332 0.1736040609137056 0.024739583333333332 0.17563451776649747
0 0.10807291666666667 0.2101522842639594 0.11458333333333333 0.21116751269035533 0.11848958333333333 0.20609137055837565 0.11979166666666667 0.19796954314720813 0.1171875 0.1918781725888325 0.11328125 0.18883248730964466 0.10611979166666667 0.1918781725888325 0.10416666666666667 0.2020304568527919 0.10807291666666667 0.2101522842639594
0 0.14583333333333334 0.15634517766497463 0.14973958333333334 0.16548223350253807 0.16145833333333334 0.16751269035532995 0.16471354166666666 0.1634517766497462 0.171875 0.17055837563451776 0.17643229166666666 0.1817258883248731 0.18359375 0.18375634517766498 0.22395833333333334 0.16751269035532995 0.234375 0.150253807106599 0.23828125 0.13604060913705585 0.21223958333333334 0.1401015228426396 0.18489583333333334 0.116751269035533 0.17513020833333334 0.11979695431472082 0.171875 0.1299492385786802 0.150390625 0.13807106598984772 0.14388020833333334 0.14619289340101524 0.14322916666666666 0.15736040609137056 0.14583333333333334 0.15634517766497463
0 0.22005208333333334 0.2020304568527919 0.24153645833333334 0.20101522842639594 0.2669270833333333 0.18680203045685279 0.2610677083333333 0.1746192893401015 0.234375 0.16446700507614212 0.22916666666666666 0.166497461928934 0.22786458333333334 0.1746192893401015 0.21484375 0.18680203045685279 0.21484375 0.19796954314720813 0.22005208333333334 0.2020304568527919
0 0.2916666666666667 0.21725888324873097 0.30078125 0.22538071065989848 0.3053385416666667 0.24974619289340103 0.3053385416666667 0.2609137055837564 0.2962239583333333 0.26192893401015227 0.2903645833333333 0.2751269035532995 0.3118489583333333 0.29644670050761424 0.322265625 0.31370558375634516 0.3248697916666667 0.32893401015228424 0.3307291666666667 0.33401015228426395 0.337890625 0.33908629441624366 0.3606770833333333 0.33401015228426395 0.3587239583333333 0.3208121827411167 0.3606770833333333 0.29441624365482233 0.3587239583333333 0.2893401015228426 0.345703125 0.28527918781725886 0.3365885416666667 0.27614213197969545 0.326171875 0.25583756345177666 0.3255208333333333 0.23959390862944163 0.3359375 0.20710659898477157 0.3203125 0.18578680203045686 0.3138020833333333 0.16954314720812183 0.3072916666666667 0.16954314720812183 0.3033854166666667 0.17563451776649747 0.2897135416666667 0.1715736040609137 0.2845052083333333 0.1736040609137056 0.28125 0.18781725888324874 0.2916666666666667 0.21725888324873097
0 0.21940104166666666 0.20304568527918782 0.248046875 0.20304568527918782 0.259765625 0.19593908629441625 0.2727864583333333 0.2 0.279296875 0.20913705583756345 0.283203125 0.20710659898477157 0.283203125 0.2 0.2766927083333333 0.1847715736040609 0.26171875 0.1715736040609137 0.23567708333333334 0.16142131979695432 0.2265625 0.16243654822335024 0.22135416666666666 0.17766497461928935 0.21354166666666666 0.18680203045685279 0.21354166666666666 0.19695431472081218 0.21940104166666666 0.20304568527918782
0 0.37890625 0.3532994923857868 0.390625 0.33705583756345175 0.3899739583333333 0.3299492385786802 0.3860677083333333 0.3248730964467005 0.3782552083333333 0.32588832487309644 0.3723958333333333 0.33401015228426395 0.3736979166666667 0.34822335025380713 0.37890625 0.3532994923857868
0 0.318359375 0.46802030456852795 0.3255208333333333 0.46903553299492384 0.3326822916666667 0.4619289340101523 0.3346354166666667 0.44873096446700506 0.3307291666666667 0.44060913705583754 0.32421875 0.4365482233502538 0.31640625 0.4416243654822335 0.3151041666666667 0.45989847715736043 0.318359375 0.46802030456852795
0 0.3577473958333333 0.48020304568527916 0.3717447916666667 0.483248730964467 0.365234375 0.47106598984771575 0.353515625 0.46294416243654823 0.3470052083333333 0.4639593908629442 0.3346354166666667 0.4812182741116751 0.3352864583333333 0.4964467005076142 0.3577473958333333 0.48020304568527916
0 0.3072916666666667 0.566497461928934 0.3333333333333333 0.5807106598984771 0.3365885416666667 0.5939086294416244 0.3352864583333333 0.6040609137055838 0.33984375 0.6121827411167513 0.349609375 0.6121827411167513 0.3658854166666667 0.6040609137055838 0.388671875 0.6213197969543147 0.390625 0.6274111675126903 0.412109375 0.6192893401015228 0.4251302083333333 0.63248730964467 0.4329427083333333 0.6294416243654822 0.4322916666666667 0.6203045685279188 0.4153645833333333 0.5878172588832488 0.4069010416666667 0.582741116751269 0.3951822916666667 0.5685279187817259 0.3899739583333333 0.5736040609137056 0.3912760416666667 0.5868020304568528 0.3834635416666667 0.5888324873096447 0.3678385416666667 0.5776649746192893 0.34765625 0.5756345177664974 0.3307291666666667 0.5553299492385787 0.3248697916666667 0.5401015228426396 0.3203125 0.5411167512690356 0.3170572916666667 0.5553299492385787 0.3053385416666667 0.5472081218274112 0.3001302083333333 0.5492385786802031 0.2994791666666667 0.5553299492385787 0.3072916666666667 0.566497461928934
0 0.3116861979166667 0.6123096446700508 0.3133138020833333 0.6123096446700508 0.3133138020833333 0.6116700507614213 0.3116861979166667 0.6116700507614213 0.3116861979166667 0.6123096446700508
0 0.3053385416666667 0.6030456852791878 0.33203125 0.616243654822335 0.3307291666666667 0.6091370558375635 0.3138020833333333 0.5908629441624366 0.3046875 0.5918781725888325 0.3020833333333333 0.5969543147208122 0.3053385416666667 0.6030456852791878
0 0.408203125 0.48020304568527916 0.4251302083333333 0.46802030456852795 0.4361979166666667 0.4446700507614213 0.439453125 0.4294416243654822 0.435546875 0.4233502538071066 0.41796875 0.44263959390862945 0.400390625 0.4467005076142132 0.4036458333333333 0.4751269035532995 0.408203125 0.48020304568527916
0 0.4186197916666667 0.5106598984771573 0.4329427083333333 0.48934010152284263 0.435546875 0.4751269035532995 0.4309895833333333 0.47106598984771575 0.4212239583333333 0.4720812182741117 0.4140625 0.48020304568527916 0.4108072916666667 0.49137055837563454 0.4114583333333333 0.5065989847715736 0.4186197916666667 0.5106598984771573
0 0.3723958333333333 0.433502538071066 0.373046875 0.45685279187817257 0.380859375 0.467005076142132 0.3841145833333333 0.4527918781725888 0.380859375 0.4355329949238579 0.375 0.4182741116751269 0.3658854166666667 0.4050761421319797 0.3658854166666667 0.41624365482233505 0.3723958333333333 0.433502538071066
0 0.4720052083333333 0.4883248730964467 0.474609375 0.483248730964467 0.470703125 0.44873096446700506 0.466796875 0.4365482233502538 0.462890625 0.43959390862944164 0.46484375 0.48223350253807107 0.4720052083333333 0.4883248730964467
0 0.4329427083333333 0.36751269035532996 0.4361979166666667 0.36446700507614216 0.4361979166666667 0.35634517766497464 0.431640625 0.3532994923857868 0.4303385416666667 0.3604060913705584 0.4329427083333333 0.36751269035532996
0 0.41796875 0.3472081218274112 0.4244791666666667 0.3522842639593909 0.4283854166666667 0.350253807106599 0.423828125 0.3319796954314721 0.4147135416666667 0.32791878172588834 0.4114583333333333 0.332994923857868 0.41015625 0.33705583756345175 0.41796875 0.3472081218274112
0 0.4368489583333333 0.3147208121827411 0.4342447916666667 0.3380710659898477 0.427734375 0.349238578680203 0.431640625 0.366497461928934 0.4375 0.37360406091370557 0.4459635416666667 0.3614213197969543 0.4427083333333333 0.3238578680203046 0.435546875 0.2883248730964467 0.4283854166666667 0.29035532994923857 0.427734375 0.30253807106598984 0.4368489583333333 0.3147208121827411
0 0.4036458333333333 0.27106598984771574 0.4166666666666667 0.28527918781725886 0.4244791666666667 0.283248730964467 0.4231770833333333 0.2639593908629442 0.41796875 0.24263959390862944 0.40625 0.25076142131979695 0.4010416666666667 0.24060913705583756 0.396484375 0.24060913705583756 0.39453125 0.24974619289340103 0.4036458333333333 0.27106598984771574
0 0.40234375 0.18781725888324874 0.4127604166666667 0.1918781725888325 0.421875 0.18680203045685279 0.4270833333333333 0.15431472081218275 0.4108072916666667 0.14923857868020304 0.404296875 0.14111675126903553 0.400390625 0.14213197969543148 0.396484375 0.150253807106599 0.3971354166666667 0.17563451776649747 0.40234375 0.18781725888324874
0 0.4398600260416667 0.11675634517766496 0.44189778645833333 0.11675634517766496 0.44189778645833333 0.11548730964467005 0.4398600260416667 0.11548730964467005 0.4398600260416667 0.11675634517766496
0 0.4303385416666667 0.15837563451776648 0.435546875 0.16548223350253807 0.4427083333333333 0.15939086294416244 0.4446614583333333 0.14416243654822336 0.44140625 0.09949238578680203 0.443359375 0.07817258883248732 0.4329427083333333 0.06700507614213198 0.4303385416666667 0.07106598984771574 0.4322916666666667 0.116751269035533 0.4303385416666667 0.15837563451776648
0 0.419921875 0.22131979695431472 0.4251302083333333 0.20609137055837565 0.423828125 0.19796954314720813 0.41796875 0.19796954314720813 0.4134114583333333 0.20913705583756345 0.4127604166666667 0.22131979695431472 0.419921875 0.22131979695431472
0 0.37109375 0 0.369140625 0.012182741116751269 0.3697916666666667 0.046700507614213196 0.3639322916666667 0.08629441624365482 0.3658854166666667 0.09137055837563451 0.37109375 0.09238578680203045 0.375 0.08629441624365482 0.3756510416666667 0.07309644670050762 0.3821614583333333 0.05583756345177665 0.404296875 0.04060913705583756 0.4127604166666667 0.028426395939086295 0.4153645833333333 0 0.37109375 0
0 0.3470052083333333 0 0.3548177083333333 0.03756345177664975 0.3522135416666667 0.047715736040609136 0.3430989583333333 0.05482233502538071 0.3411458333333333 0.06091370558375635 0.3424479166666667 0.0751269035532995 0.3489583333333333 0.08527918781725888 0.3561197916666667 0.083248730964467 0.359375 0.07817258883248732 0.3606770833333333 0.06598984771573604 0.3684895833333333 0.04467005076142132 0.3684895833333333 0.03553299492385787 0.3619791666666667 0 0.3470052083333333 0
0 0.16536458333333334 0.01116751269035533 0.166015625 0.030456852791878174 0.15690104166666666 0.03350253807106599 0.1640625 0.06294416243654823 0.16731770833333334 0.06700507614213198 0.17838541666666666 0.0649746192893401 0.19856770833333334 0.03756345177664975 0.23893229166666666 0.05279187817258883 0.24348958333333334 0.07817258883248732 0.25390625 0.08730964467005076 0.255859375 0.11065989847715736 0.26171875 0.10355329949238579 0.2623697916666667 0.09137055837563451 0.2662760416666667 0.08527918781725888 0.275390625 0.09238578680203045 0.2825520833333333 0.08629441624365482 0.2825520833333333 0.05685279187817259 0.2994791666666667 0.03654822335025381 0.3072916666666667 0.04568527918781726 0.318359375 0.047715736040609136 0.3209635416666667 0.05888324873096447 0.3287760416666667 0.05888324873096447 0.3333333333333333 0.06700507614213198 0.3326822916666667 0.0751269035532995 0.3346354166666667 0.07715736040609138 0.3430989583333333 0.07411167512690356 0.3483072916666667 0.083248730964467 0.365234375 0.07918781725888324 0.3697916666666667 0.08426395939086294 0.3736979166666667 0.07715736040609138 0.3776041666666667 0.05583756345177665 0.408203125 0.03553299492385787 0.4134114583333333 0.023350253807106598 0.4147135416666667 0 0.14322916666666666 0.0010152284263959391 0.16536458333333334 0.01116751269035533
0 0.07096354166666667 0.07208121827411168 0.080078125 0.07106598984771574 0.08528645833333333 0.049746192893401014 0.09830729166666667 0.03248730964467005 0.09895833333333333 0.02233502538071066 0.09440104166666667 0.02030456852791878 0.08528645833333333 0.028426395939086295 0.07161458333333333 0.030456852791878174 0.064453125 0.04568527918781726 0.064453125 0.06395939086294417 0.07096354166666667 0.07208121827411168
0 0 0.06192893401015229 0.017578125 0.047715736040609136 0.044270833333333336 0.03553299492385787 0.050130208333333336 0.028426395939086295 0.049479166666666664 0.02131979695431472 0.044921875 0.02131979695431472 0.024088541666666668 0.03350253807106599 0 0.03756345177664975 0 0.06192893401015229
0 0.146484375 0.06091370558375635 0.15364583333333334 0.05685279187817259 0.15755208333333334 0.04263959390862944 0.15559895833333334 0.03248730964467005 0.13736979166666666 0.025380710659898477 0.12630208333333334 0.030456852791878174 0.12239583333333333 0.03654822335025381 0.123046875 0.04467005076142132 0.146484375 0.06091370558375635
0 0.08463541666666667 0.07411167512690356 0.08919270833333333 0.07411167512690356 0.12434895833333333 0.047715736040609136 0.11002604166666667 0.03857868020304569 0.1015625 0.03959390862944162 0.09830729166666667 0.050761421319796954 0.08723958333333333 0.06091370558375635 0.083984375 0.06598984771573604 0.08463541666666667 0.07411167512690356
0 0.5416666666666666 0.050761421319796954 0.5416666666666666 0.05888324873096447 0.5358072916666666 0.06700507614213198 0.53515625 0.08020304568527918 0.5442708333333334 0.11269035532994924 0.544921875 0.12690355329949238 0.55078125 0.1350253807106599 0.564453125 0.13705583756345177 0.5670572916666666 0.12284263959390863 0.5592447916666666 0.09644670050761421 0.55859375 0.08527918781725888 0.5625 0.0700507614213198 0.57421875 0.047715736040609136 0.5774739583333334 0.03350253807106599 0.57421875 0.028426395939086295 0.5677083333333334 0.03248730964467005 0.5638020833333334 0.04568527918781726 0.55078125 0.05583756345177665 0.5390625 0.03147208121827411 0.5299479166666666 0.027411167512690356 0.53515625 0.04467005076142132 0.5416666666666666 0.050761421319796954
0 0.48828125 0 0.48828125 0.006091370558375634 0.509765625 0.05482233502538071 0.5188802083333334 0.06192893401015229 0.5260416666666666 0.05279187817258883 0.5260416666666666 0.03959390862944162 0.5149739583333334 0.015228426395939087 0.5123697916666666 0 0.48828125 0
0 0.5279947916666666 0.019289340101522844 0.5364583333333334 0.02131979695431472 0.5416666666666666 0.013197969543147208 0.541015625 0 0.5143229166666666 0.0010152284263959391 0.5279947916666666 0.019289340101522844
0 0.478515625 0.19796954314720813 0.4869791666666667 0.22131979695431472 0.4973958333333333 0.21928934010152284 0.50390625 0.21116751269035533 0.5052083333333334 0.2 0.5006510416666666 0.1746192893401015 0.4811197916666667 0.1532994923857868 0.474609375 0.13604060913705585 0.4713541666666667 0.13908629441624365 0.4720052083333333 0.15634517766497463 0.4680989583333333 0.16954314720812183 0.462890625 0.17563451776649747 0.4654947916666667 0.1847715736040609 0.478515625 0.19796954314720813
0 0.505859375 0.27411167512690354 0.51171875 0.2720812182741117 0.5143229166666666 0.267005076142132 0.513671875 0.25583756345177666 0.5091145833333334 0.24771573604060915 0.50390625 0.24974619289340103 0.5006510416666666 0.2578680203045685 0.5 0.2639593908629442 0.505859375 0.27411167512690354
0 0.5162760416666666 0.3431472081218274 0.5208333333333334 0.34213197969543147 0.5286458333333334 0.32893401015228424 0.5221354166666666 0.3218274111675127 0.5123697916666666 0.3248730964467005 0.51171875 0.33401015228426395 0.5162760416666666 0.3431472081218274
0 0.53515625 0.38883248730964465 0.5384114583333334 0.37766497461928933 0.537109375 0.3695431472081218 0.5325520833333334 0.36852791878172586 0.5286458333333334 0.37360406091370557 0.5286458333333334 0.38883248730964465 0.53515625 0.38883248730964465
0 0.4498697916666667 0.39898477157360407 0.453125 0.40609137055837563 0.4609375 0.4071065989847716 0.4635416666666667 0.4020304568527919 0.4615885416666667 0.39695431472081216 0.4485677083333333 0.37766497461928933 0.4459635416666667 0.38781725888324875 0.4498697916666667 0.39898477157360407
0 0.390625 0.5045685279187817 0.39453125 0.4984771573604061 0.3938802083333333 0.4903553299492386 0.3893229166666667 0.4842639593908629 0.3821614583333333 0.4852791878172589 0.3815104166666667 0.49137055837563454 0.390625 0.5045685279187817
0 0.4251302083333333 0.5908629441624366 0.4329427083333333 0.6040609137055838 0.4375 0.6050761421319797 0.4401041666666667 0.5989847715736041 0.4388020833333333 0.5908629441624366 0.423828125 0.5685279187817259 0.421875 0.5766497461928934 0.4251302083333333 0.5908629441624366
0 0.3059895833333333 0.566497461928934 0.333984375 0.581725888324873 0.333984375 0.6030456852791878 0.3391927083333333 0.6121827411167513 0.3463541666666667 0.6131979695431472 0.3697916666666667 0.6050761421319797 0.3841145833333333 0.6152284263959391 0.3899739583333333 0.6294416243654822 0.396484375 0.6284263959390863 0.4069010416666667 0.6192893401015228 0.4251302083333333 0.6335025380710659 0.431640625 0.63248730964467 0.43359375 0.6284263959390863 0.4322916666666667 0.6192893401015228 0.421875 0.6050761421319797 0.423828125 0.5908629441624366 0.4212239583333333 0.584771573604061 0.4127604166666667 0.582741116751269 0.3971354166666667 0.5675126903553299 0.3899739583333333 0.566497461928934 0.3873697916666667 0.5715736040609137 0.388671875 0.582741116751269 0.3828125 0.5868020304568528 0.369140625 0.5766497461928934 0.3509114583333333 0.5766497461928934 0.3307291666666667 0.5543147208121827 0.3255208333333333 0.5411167512690356 0.3209635416666667 0.5380710659898477 0.3157552083333333 0.5522842639593909 0.3046875 0.5461928934010152 0.2994791666666667 0.5492385786802031 0.3001302083333333 0.5604060913705584 0.3059895833333333 0.566497461928934
0 0.5 0.49238578680203043 0.5078125 0.5065989847715736 0.51171875 0.5025380710659898 0.5143229166666666 0.4954314720812183 0.51171875 0.48020304568527916 0.4947916666666667 0.47106598984771575 0.4895833333333333 0.4751269035532995 0.4895833333333333 0.4852791878172589 0.5 0.49238578680203043
0 0.48046875 0.4527918781725888 0.48828125 0.4588832487309645 0.4908854166666667 0.46598984771573604 0.49609375 0.4619289340101523 0.498046875 0.44873096446700506 0.4934895833333333 0.44873096446700506 0.48828125 0.43756345177664974 0.48046875 0.43147208121827413 0.474609375 0.433502538071066 0.4733072916666667 0.44060913705583754 0.48046875 0.4527918781725888
0 0.5 0.4862944162436548 0.505859375 0.49949238578680205 0.509765625 0.5015228426395939 0.5130208333333334 0.4954314720812183 0.51171875 0.48020304568527916 0.50390625 0.47918781725888326 0.5 0.4812182741116751 0.5 0.4862944162436548
0 0.4908854166666667 0.47918781725888326 0.4908854166666667 0.4842639593908629 0.5013020833333334 0.48934010152284263 0.5032552083333334 0.4873096446700508 0.4986979166666667 0.47918781725888326 0.4928385416666667 0.48223350253807107 0.4908854166666667 0.47918781725888326
0 0.4876302083333333 0.4954314720812183 0.4876302083333333 0.48934010152284263 0.484375 0.4862944162436548 0.4739583333333333 0.4934010152284264 0.4772135416666667 0.5055837563451777 0.4876302083333333 0.4954314720812183
0 0.5533854166666666 0.4751269035532995 0.564453125 0.47918781725888326 0.5709635416666666 0.4720812182741117 0.57421875 0.4517766497461929 0.5709635416666666 0.44568527918781725 0.564453125 0.4446700507614213 0.55078125 0.4619289340101523 0.5501302083333334 0.46802030456852795 0.5533854166666666 0.4751269035532995
0 0.5475260416666666 0.43756345177664974 0.5546875 0.4385786802030457 0.560546875 0.43147208121827413 0.5598958333333334 0.42233502538071066 0.5559895833333334 0.41624365482233505 0.5501302083333334 0.4152284263959391 0.5455729166666666 0.42233502538071066 0.544921875 0.43451776649746193 0.5475260416666666 0.43756345177664974
0 0.5559895833333334 0.38781725888324875 0.55859375 0.38274111675126904 0.5579427083333334 0.3715736040609137 0.5533854166666666 0.3695431472081218 0.5494791666666666 0.37360406091370557 0.548828125 0.383756345177665 0.5559895833333334 0.38781725888324875
0 0.6106770833333334 0.332994923857868 0.6106770833333334 0.3218274111675127 0.60546875 0.31065989847715736 0.5924479166666666 0.3035532994923858 0.583984375 0.30761421319796955 0.6041666666666666 0.33401015228426395 0.6106770833333334 0.332994923857868
0 0.51953125 0.20304568527918782 0.5286458333333334 0.1847715736040609 0.5201822916666666 0.16954314720812183 0.5149739583333334 0.1746192893401015 0.5149739583333334 0.19086294416243654 0.51953125 0.20304568527918782
0 0.5045572916666666 0.5573604060913706 0.5110677083333334 0.5421319796954315 0.5104166666666666 0.5289340101522843 0.5052083333333334 0.5289340101522843 0.4973958333333333 0.5472081218274112 0.498046875 0.5583756345177665 0.5045572916666666 0.5573604060913706
0 0.5045572916666666 0.5878172588832488 0.5091145833333334 0.5898477157360406 0.5169270833333334 0.583756345177665 0.5143229166666666 0.5725888324873096 0.5071614583333334 0.5705583756345177 0.50390625 0.5736040609137056 0.5026041666666666 0.581725888324873 0.5045572916666666 0.5878172588832488
0 0.5299479166666666 0.49137055837563454 0.5338541666666666 0.4842639593908629 0.529296875 0.47715736040609136 0.5221354166666666 0.4812182741116751 0.5234375 0.49238578680203043 0.5299479166666666 0.49137055837563454
0 0.5494791666666666 0.6964467005076143 0.5572916666666666 0.6964467005076143 0.5638020833333334 0.6842639593908629 0.5657552083333334 0.6619289340101523 0.5735677083333334 0.6375634517766497 0.5774739583333334 0.5532994923857868 0.572265625 0.5553299492385787 0.5598958333333334 0.5766497461928934 0.5494791666666666 0.6213197969543147 0.544921875 0.683248730964467 0.5494791666666666 0.6964467005076143
0 0.55078125 0.6974619289340102 0.5572916666666666 0.6974619289340102 0.564453125 0.6842639593908629 0.5696614583333334 0.649746192893401 0.5846354166666666 0.6304568527918781 0.6028645833333334 0.617258883248731 0.60546875 0.6111675126903553 0.6061197916666666 0.550253807106599 0.6080729166666666 0.5421319796954315 0.6061197916666666 0.5370558375634518 0.5983072916666666 0.5329949238578681 0.5911458333333334 0.5532994923857868 0.5807291666666666 0.5563451776649746 0.5787760416666666 0.5512690355329949 0.57421875 0.5512690355329949 0.560546875 0.5736040609137056 0.55078125 0.6081218274111675 0.5501302083333334 0.6395939086294417 0.5455729166666666 0.6629441624365482 0.546875 0.6923857868020304 0.55078125 0.6974619289340102
0 0.6549479166666666 0.3177664974619289 0.658203125 0.3350253807106599 0.6614583333333334 0.33705583756345175 0.6712239583333334 0.3269035532994924 0.669921875 0.3147208121827411 0.6731770833333334 0.29949238578680204 0.6901041666666666 0.2984771573604061 0.6907552083333334 0.2781725888324873 0.6888020833333334 0.27411167512690354 0.671875 0.2781725888324873 0.6692708333333334 0.2629441624365482 0.6647135416666666 0.2609137055837564 0.6477864583333334 0.3015228426395939 0.6490885416666666 0.31269035532994927 0.6549479166666666 0.3177664974619289
0 0.6184895833333334 0.33908629441624366 0.630859375 0.349238578680203 0.6373697916666666 0.3695431472081218 0.64453125 0.3715736040609137 0.6497395833333334 0.3604060913705584 0.64453125 0.3248730964467005 0.65234375 0.3197969543147208 0.6529947916666666 0.3147208121827411 0.6451822916666666 0.3015228426395939 0.6223958333333334 0.29035532994923857 0.6126302083333334 0.29035532994923857 0.6184895833333334 0.33908629441624366
0 0.5865885416666666 0.283248730964467 0.591796875 0.2751269035532995 0.5930989583333334 0.265989847715736 0.591796875 0.2609137055837564 0.587890625 0.2609137055837564 0.5807291666666666 0.26903553299492383 0.5748697916666666 0.28426395939086296 0.5865885416666666 0.283248730964467
0 0.5670572916666666 0.20304568527918782 0.5709635416666666 0.20710659898477157 0.5755208333333334 0.2050761421319797 0.5768229166666666 0.19695431472081218 0.57421875 0.18578680203045686 0.5716145833333334 0.1817258883248731 0.564453125 0.18274111675126903 0.5638020833333334 0.19086294416243654 0.5670572916666666 0.20304568527918782
0 0.6048177083333334 0.19086294416243654 0.6158854166666666 0.19289340101522842 0.6217447916666666 0.1847715736040609 0.6236979166666666 0.16751269035532995 0.6204427083333334 0.15431472081218275 0.6165364583333334 0.1532994923857868 0.6067708333333334 0.15939086294416244 0.5989583333333334 0.1736040609137056 0.6022135416666666 0.1949238578680203 0.6048177083333334 0.19086294416243654
0 0.6015625 0.20710659898477157 0.607421875 0.2101522842639594 0.6126302083333334 0.2050761421319797 0.61328125 0.19593908629441625 0.6015625 0.1918781725888325 0.5989583333333334 0.19390862944162437 0.6015625 0.20710659898477157
0 0.6217447916666666 0.18680203045685279 0.6458333333333334 0.18274111675126903 0.662109375 0.2 0.6673177083333334 0.2 0.673828125 0.19086294416243654 0.6725260416666666 0.17563451776649747 0.6627604166666666 0.15736040609137056 0.6529947916666666 0.15736040609137056 0.623046875 0.1715736040609137 0.619140625 0.18274111675126903 0.6217447916666666 0.18680203045685279
0 0.625 0.1116751269035533 0.62890625 0.10862944162436548 0.6321614583333334 0.10050761421319797 0.6315104166666666 0.083248730964467 0.634765625 0.07309644670050762 0.650390625 0.05685279187817259 0.65234375 0.047715736040609136 0.646484375 0.04365482233502538 0.62890625 0.05685279187817259 0.6158854166666666 0.09441624365482233 0.6165364583333334 0.10964467005076142 0.625 0.1116751269035533
0 0.7024739583333334 0.13908629441624365 0.7200520833333334 0.14822335025380712 0.7311197916666666 0.14822335025380712 0.7552083333333334 0.1746192893401015 0.76171875 0.17563451776649747 0.7688802083333334 0.166497461928934 0.7688802083333334 0.15634517766497463 0.7649739583333334 0.14720812182741116 0.740234375 0.12588832487309645 0.7272135416666666 0.11979695431472082 0.720703125 0.10152284263959391 0.7096354166666666 0.10253807106598985 0.6998697916666666 0.12588832487309645 0.6985677083333334 0.132994923857868 0.7024739583333334 0.13908629441624365
0 0.6744791666666666 0.166497461928934 0.68359375 0.18578680203045686 0.6920572916666666 0.19390862944162437 0.6998697916666666 0.19086294416243654 0.71875 0.17258883248730963 0.7239583333333334 0.17258883248730963 0.7369791666666666 0.18578680203045686 0.7447916666666666 0.1847715736040609 0.7486979166666666 0.17258883248730963 0.7434895833333334 0.15939086294416244 0.7291666666666666 0.14822335025380712 0.72265625 0.14822335025380712 0.7102864583333334 0.15634517766497463 0.6959635416666666 0.14416243654822336 0.6907552083333334 0.14923857868020304 0.685546875 0.14517766497461929 0.6751302083333334 0.15126903553299492 0.671875 0.15634517766497463 0.6744791666666666 0.166497461928934
0 0.6705729166666666 0.04365482233502538 0.67578125 0.0416243654822335 0.685546875 0.04568527918781726 0.7063802083333334 0.06802030456852792 0.7096354166666666 0.06903553299492386 0.7141927083333334 0.06294416243654823 0.7135416666666666 0.012182741116751269 0.7102864583333334 0.007106598984771574 0.6940104166666666 0.014213197969543147 0.6809895833333334 0.014213197969543147 0.669921875 0.030456852791878174 0.6673177083333334 0.04060913705583756 0.6705729166666666 0.04365482233502538
0 0.6555989583333334 0.03350253807106599 0.6614583333333334 0.03654822335025381 0.6686197916666666 0.02131979695431472 0.66796875 0.012182741116751269 0.6647135416666666 0.005076142131979695 0.6608072916666666 0.005076142131979695 0.654296875 0.014213197969543147 0.654296875 0.03654822335025381 0.6555989583333334 0.03350253807106599
0 0.6712239583333334 0.006091370558375634 0.6829427083333334 0.007106598984771574 0.6901041666666666 0 0.66796875 0.0020304568527918783 0.6712239583333334 0.006091370558375634
0 0.658203125 0.4873096446700508 0.654296875 0.47106598984771575 0.6712239583333334 0.4649746192893401 0.6725260416666666 0.4548223350253807 0.6634114583333334 0.44263959390862945 0.6412760416666666 0.44568527918781725 0.630859375 0.4639593908629442 0.623046875 0.47106598984771575 0.6256510416666666 0.4781725888324873 0.658203125 0.4873096446700508
0 0.6158854166666666 0.44873096446700506 0.623046875 0.4243654822335025 0.619140625 0.4203045685279188 0.6100260416666666 0.44060913705583754 0.609375 0.44873096446700506 0.6158854166666666 0.44873096446700506
0 0.5045572916666666 0.4964467005076142 0.5084635416666666 0.5076142131979695 0.5130208333333334 0.4964467005076142 0.5143229166666666 0.47918781725888326 0.5221354166666666 0.46802030456852795 0.5221354166666666 0.4527918781725888 0.51171875 0.4639593908629442 0.5052083333333334 0.48223350253807107 0.5065104166666666 0.49441624365482234 0.5045572916666666 0.4964467005076142
0 0.7057291666666666 0.35736040609137054 0.7135416666666666 0.35634517766497464 0.7220052083333334 0.3380710659898477 0.7213541666666666 0.32893401015228424 0.7174479166666666 0.3248730964467005 0.6985677083333334 0.3197969543147208 0.6875 0.3269035532994924 0.6875 0.3401015228426396 0.7057291666666666 0.35736040609137054
0 0.7200520833333334 0.31269035532994927 0.7265625 0.3065989847715736 0.7272135416666666 0.29746192893401013 0.7233072916666666 0.2913705583756345 0.7180989583333334 0.2913705583756345 0.6946614583333334 0.30456852791878175 0.6959635416666666 0.31065989847715736 0.7200520833333334 0.31269035532994927
0 0.78515625 0.29441624365482233 0.791015625 0.2954314720812183 0.7955729166666666 0.2913705583756345 0.796875 0.2781725888324873 0.7942708333333334 0.2730964467005076 0.7890625 0.2700507614213198 0.7825520833333334 0.2751269035532995 0.7819010416666666 0.28730964467005077 0.78515625 0.29441624365482233
0 0.810546875 0.34213197969543147 0.8151041666666666 0.3411167512690355 0.8203125 0.32893401015228424 0.8190104166666666 0.3197969543147208 0.8151041666666666 0.31573604060913707 0.806640625 0.31675126903553297 0.8033854166666666 0.32284263959390863 0.8033854166666666 0.332994923857868 0.810546875 0.34213197969543147
0 0.6217447916666666 0.7025380710659899 0.6477864583333334 0.7126903553299493 0.6536458333333334 0.6639593908629442 0.65625 0.6538071065989848 0.6653645833333334 0.6385786802030456 0.6731770833333334 0.63248730964467 0.7044270833333334 0.6365482233502539 0.71484375 0.6274111675126903 0.7272135416666666 0.6263959390862944 0.7376302083333334 0.6060913705583756 0.7389322916666666 0.584771573604061 0.7337239583333334 0.5776649746192893 0.72265625 0.5776649746192893 0.6998697916666666 0.5939086294416244 0.6940104166666666 0.581725888324873 0.69921875 0.5715736040609137 0.6985677083333334 0.5644670050761421 0.6927083333333334 0.5583756345177665 0.681640625 0.5593908629441624 0.6764322916666666 0.5461928934010152 0.669921875 0.5461928934010152 0.6653645833333334 0.5512690355329949 0.6595052083333334 0.5766497461928934 0.646484375 0.583756345177665 0.6360677083333334 0.5949238578680203 0.6354166666666666 0.6203045685279188 0.6217447916666666 0.6629441624365482 0.6197916666666666 0.6903553299492385 0.6217447916666666 0.7025380710659899
0 0.509765625 0.7197969543147208 0.5188802083333334 0.7634517766497462 0.5188802083333334 0.8192893401015229 0.5234375 0.8345177664974619 0.5266927083333334 0.8365482233502538 0.5319010416666666 0.833502538071066 0.552734375 0.8040609137055837 0.5533854166666666 0.7878172588832487 0.5436197916666666 0.7847715736040609 0.53125 0.7563451776649747 0.5319010416666666 0.7472081218274111 0.5423177083333334 0.7350253807106599 0.5377604166666666 0.7147208121827411 0.5442708333333334 0.6994923857868021 0.5436197916666666 0.6893401015228426 0.537109375 0.683248730964467 0.5221354166666666 0.6873096446700507 0.5182291666666666 0.6751269035532995 0.5104166666666666 0.6730964467005076 0.5084635416666666 0.6761421319796954 0.509765625 0.7197969543147208
0 0.3385416666666667 0.7543147208121828 0.3463541666666667 0.7543147208121828 0.3567708333333333 0.7482233502538072 0.365234375 0.7522842639593909 0.3717447916666667 0.76751269035533 0.3802083333333333 0.7776649746192893 0.392578125 0.8091370558375635 0.4114583333333333 0.8375634517766497 0.4205729166666667 0.8436548223350254 0.42578125 0.8538071065989847 0.4375 0.8639593908629442 0.4420572916666667 0.8659898477157361 0.4446614583333333 0.8619289340101522 0.4427083333333333 0.8436548223350254 0.4212239583333333 0.8203045685279188 0.41796875 0.8 0.4134114583333333 0.7959390862944162 0.3841145833333333 0.7309644670050761 0.3880208333333333 0.7208121827411168 0.38671875 0.7106598984771574 0.376953125 0.700507614213198 0.373046875 0.6720812182741117 0.3697916666666667 0.667005076142132 0.3626302083333333 0.667005076142132 0.359375 0.6812182741116751 0.3548177083333333 0.6883248730964467 0.3489583333333333 0.6893401015228426 0.34375 0.6954314720812182 0.33984375 0.7106598984771574 0.3411458333333333 0.7187817258883249 0.3346354166666667 0.7340101522842639 0.3333333333333333 0.7461928934010152 0.3385416666666667 0.7543147208121828
0 0.396484375 0.7451776649746192 0.4283854166666667 0.7746192893401015 0.435546875 0.7939086294416243 0.4420572916666667 0.7939086294416243 0.4563802083333333 0.7725888324873097 0.453125 0.766497461928934 0.4485677083333333 0.7654822335025381 0.4420572916666667 0.7705583756345178 0.4368489583333333 0.7654822335025381 0.4329427083333333 0.7116751269035533 0.4251302083333333 0.7360406091370558 0.4166666666666667 0.7350253807106599 0.4147135416666667 0.7269035532994924 0.396484375 0.7248730964467005 0.3938802083333333 0.7269035532994924 0.396484375 0.7451776649746192
0 0.34375 0.7401015228426396 0.3645833333333333 0.7441624365482233 0.369140625 0.7614213197969543 0.3802083333333333 0.7766497461928934 0.3821614583333333 0.7878172588832487 0.3971354166666667 0.8233502538071066 0.4264322916666667 0.848730964467005 0.4322916666666667 0.8619289340101522 0.44140625 0.86497461928934 0.447265625 0.8619289340101522 0.443359375 0.8416243654822335 0.421875 0.8203045685279188 0.4147135416666667 0.7959390862944162 0.4095052083333333 0.7979695431472081 0.404296875 0.7939086294416243 0.396484375 0.7685279187817259 0.3782552083333333 0.7461928934010152 0.369140625 0.7228426395939086 0.361328125 0.7197969543147208 0.3561197916666667 0.698477157360406 0.3515625 0.7025380710659899 0.3509114583333333 0.7228426395939086 0.3346354166666667 0.7360406091370558 0.3346354166666667 0.7461928934010152 0.34375 0.7401015228426396
0 0.4930013020833333 1 0.4928385416666667 0.9969543147208122 0.501953125 0.9756345177664975 0.501953125 0.9675126903553299 0.498046875 0.9573604060913705 0.484375 0.9512690355329949 0.48046875 0.9431472081218274 0.4791666666666667 0.9289340101522843 0.4798177083333333 0.9187817258883249 0.4856770833333333 0.9045685279187817 0.4869791666666667 0.8771573604060914 0.4908854166666667 0.8609137055837564 0.5032552083333334 0.8578680203045685 0.5110677083333334 0.868020304568528 0.5149739583333334 0.868020304568528 0.5182291666666666 0.8619289340101522 0.5169270833333334 0.8406091370558376 0.51953125 0.8304568527918782 0.517578125 0.8142131979695432 0.5071614583333334 0.798984771573604 0.4947916666666667 0.7918781725888325 0.4733072916666667 0.798984771573604 0.4765625 0.8091370558375635 0.4674479166666667 0.8406091370558376 0.474609375 0.8659898477157361 0.4641927083333333 0.9005076142131979 0.4563802083333333 0.9015228426395939 0.4147135416666667 0.8639593908629442 0.3971354166666667 0.8568527918781725 0.3938802083333333 0.8477157360406091 0.392578125 0.8294416243654822 0.3756510416666667 0.8223350253807107 0.3665364583333333 0.8040609137055837 0.3470052083333333 0.7776649746192893 0.3326822916666667 0.7756345177664975 0.32421875 0.7898477157360406 0.32421875 0.8030456852791878 0.330078125 0.8131979695431472 0.3483072916666667 0.8101522842639594 0.3528645833333333 0.8131979695431472 0.3528645833333333 0.8243654822335026 0.34375 0.8345177664974619 0.3430989583333333 0.849746192893401 0.3626302083333333 0.8639593908629442 0.3626302083333333 0.8690355329949239 0.3678385416666667 0.8771573604060914 0.3763020833333333 0.8822335025380711 0.3997395833333333 0.884263959390863 0.4342447916666667 0.9005076142131979 0.4505208333333333 0.9228426395939087 0.4557291666666667 0.9413705583756345 0.45703125 0.9624365482233502 0.453125 0.9766497461928934 0.453125 0.9878172588832488 0.460597826171875 1 0.4930013020833333 1
0 0.330078125 0.8121827411167513 0.3515625 0.8121827411167513 0.3515625 0.8294416243654822 0.3430989583333333 0.8406091370558376 0.34375 0.849746192893401 0.3470052083333333 0.8538071065989847 0.353515625 0.8568527918781725 0.369140625 0.8467005076142132 0.380859375 0.8558375634517766 0.3899739583333333 0.849746192893401 0.390625 0.8375634517766497 0.3880208333333333 0.8324873096446701 0.3763020833333333 0.8274111675126904 0.3658854166666667 0.8050761421319796 0.349609375 0.7807106598984772 0.333984375 0.7756345177664975 0.3248697916666667 0.7878172588832487 0.32421875 0.8010152284263959 0.330078125 0.8121827411167513
0 0.5397135416666666 0.934010152284264 0.54296875 0.9299492385786802 0.5397135416666666 0.9137055837563451 0.5227864583333334 0.9005076142131979 0.5182291666666666 0.9015228426395939 0.5188802083333334 0.9309644670050762 0.5397135416666666 0.934010152284264
0 0.595703125 0.8426395939086294 0.61328125 0.8314720812182741 0.6282552083333334 0.8284263959390863 0.630859375 0.8223350253807107 0.625 0.8091370558375635 0.6126302083333334 0.8060913705583757 0.6041666666666666 0.8121827411167513 0.595703125 0.8263959390862944 0.59375 0.8324873096446701 0.595703125 0.8426395939086294
0 0.603515625 0.7969543147208121 0.6204427083333334 0.783756345177665 0.6295572916666666 0.7817258883248731 0.6354166666666666 0.7756345177664975 0.6373697916666666 0.7654822335025381 0.6341145833333334 0.7604060913705584 0.62109375 0.7624365482233503 0.5983072916666666 0.7888324873096447 0.5970052083333334 0.7959390862944162 0.603515625 0.7969543147208121
0 0.568359375 0.7654822335025381 0.5755208333333334 0.7654822335025381 0.5774739583333334 0.7614213197969543 0.5768229166666666 0.7380710659898477 0.5696614583333334 0.7319796954314721 0.5638020833333334 0.7390862944162436 0.5651041666666666 0.7604060913705584 0.568359375 0.7654822335025381
0 0.515625 0.8294416243654822 0.5110677083333334 0.849746192893401 0.5130208333333334 0.8527918781725888 0.51171875 0.8659898477157361 0.5540364583333334 0.8710659898477158 0.5657552083333334 0.8639593908629442 0.5709635416666666 0.8558375634517766 0.5768229166666666 0.8223350253807107 0.5703125 0.783756345177665 0.5638020833333334 0.7685279187817259 0.5279947916666666 0.766497461928934 0.51171875 0.8040609137055837 0.51171875 0.8192893401015229 0.515625 0.8294416243654822
0 0.9993489583333334 1 0.9993489583333334 0.9218274111675127 0.9954427083333334 0.9045685279187817 0.9837239583333334 0.8903553299492386 0.9739583333333334 0.8913705583756345 0.9635416666666666 0.9035532994923858 0.962890625 0.9137055837563451 0.9733072916666666 0.9461928934010152 0.9811197916666666 1 0.9993489583333334 1
0 0.9759114583333334 0.8406091370558376 0.9856770833333334 0.8477157360406091 0.9869791666666666 0.86497461928934 0.9993489583333334 0.8741116751269036 0.9993489583333334 0.8243654822335026 0.9967447916666666 0.8152284263959391 0.9908854166666666 0.8111675126903554 0.9830729166666666 0.8131979695431472 0.9733072916666666 0.8223350253807107 0.97265625 0.8304568527918782 0.9759114583333334 0.8406091370558376
0 0.9759114583333334 0.8091370558375635 0.97265625 0.8243654822335026 0.9739583333333334 0.8375634517766497 0.9869791666666666 0.8507614213197969 0.986328125 0.8629441624365483 0.9889322916666666 0.8690355329949239 0.9993489583333334 0.8751269035532995 0.9993489583333334 0.7715736040609137 0.9798177083333334 0.783756345177665 0.9661458333333334 0.782741116751269 0.9654947916666666 0.8 0.9759114583333334 0.8091370558375635
0 0.9993489583333334 0.6436548223350254 0.9993489583333334 0.5715736040609137 0.9876302083333334 0.5624365482233502 0.9837239583333334 0.5634517766497462 0.974609375 0.5766497461928934 0.97265625 0.601015228426396 0.9694010416666666 0.6020304568527919 0.9602864583333334 0.6182741116751269 0.9615885416666666 0.6263959390862944 0.9993489583333334 0.6436548223350254
0 0.966796875 0.29441624365482233 0.9759114583333334 0.29441624365482233 0.9791666666666666 0.2893401015228426 0.98046875 0.283248730964467 0.9772135416666666 0.2720812182741117 0.9694010416666666 0.27106598984771574 0.96484375 0.2781725888324873 0.9641927083333334 0.28730964467005077 0.966796875 0.29441624365482233
0 0.8834635416666666 0.31269035532994927 0.8938802083333334 0.3096446700507614 0.8951822916666666 0.300507614213198 0.8912760416666666 0.29035532994923857 0.88671875 0.2893401015228426 0.8815104166666666 0.29644670050761424 0.880859375 0.3065989847715736 0.8834635416666666 0.31269035532994927
0 0.9173177083333334 0.36446700507614216 0.92578125 0.36548223350253806 0.9303385416666666 0.35634517766497464 0.9251302083333334 0.3431472081218274 0.9147135416666666 0.34822335025380713 0.9140625 0.35939086294416245 0.9173177083333334 0.36446700507614216
0 0.9524739583333334 0.7401015228426396 0.962890625 0.7431472081218274 0.9661458333333334 0.7380710659898477 0.9635416666666666 0.7228426395939086 0.9524739583333334 0.7238578680203046 0.9498697916666666 0.7279187817258883 0.9524739583333334 0.7401015228426396
0 0.4759114583333333 0.7340101522842639 0.4811197916666667 0.7380710659898477 0.4895833333333333 0.7370558375634517 0.4928385416666667 0.7309644670050761 0.4895833333333333 0.7126903553299493 0.4850260416666667 0.7106598984771574 0.4733072916666667 0.7137055837563452 0.4759114583333333 0.7340101522842639
0 0.4661458333333333 0.7431472081218274 0.470703125 0.7431472081218274 0.4720052083333333 0.7309644670050761 0.4654947916666667 0.7096446700507614 0.462890625 0.7065989847715736 0.4583333333333333 0.7086294416243655 0.462890625 0.7370558375634517 0.4661458333333333 0.7431472081218274
0 0.5013020833333334 0.6223350253807106 0.5026041666666666 0.6182741116751269 0.4973958333333333 0.6081218274111675 0.4928385416666667 0.6101522842639594 0.494140625 0.6233502538071066 0.5013020833333334 0.6223350253807106
0 0.4583333333333333 0.5949238578680203 0.4661458333333333 0.6 0.46875 0.5868020304568528 0.4674479166666667 0.5756345177664974 0.4635416666666667 0.5736040609137056 0.4576822916666667 0.5796954314720812 0.4563802083333333 0.5878172588832488 0.4583333333333333 0.5949238578680203
0 0.4713541666666667 0.6964467005076143 0.4752604166666667 0.6893401015228426 0.4739583333333333 0.6771573604060914 0.4700520833333333 0.6700507614213198 0.4654947916666667 0.6761421319796954 0.46484375 0.6934010152284263 0.4713541666666667 0.6964467005076143
0 0.5325520833333334 0.6781725888324873 0.537109375 0.6710659898477157 0.5364583333333334 0.6598984771573604 0.529296875 0.649746192893401 0.52734375 0.6568527918781726 0.5266927083333334 0.6730964467005076 0.5325520833333334 0.6781725888324873
0 0.48046875 0.6761421319796954 0.4850260416666667 0.6741116751269035 0.48828125 0.6649746192893401 0.49609375 0.6629441624365482 0.5013020833333334 0.6517766497461929 0.4986979166666667 0.6406091370558376 0.4869791666666667 0.6365482233502539 0.4739583333333333 0.6527918781725889 0.4733072916666667 0.6700507614213198 0.48046875 0.6761421319796954
0 0.3984375 0.5360406091370559 0.416015625 0.5350253807106599 0.4166666666666667 0.5177664974619289 0.408203125 0.5096446700507614 0.39453125 0.5106598984771573 0.3932291666666667 0.5269035532994923 0.3984375 0.5360406091370559
0 0.50390625 0.449746192893401 0.51171875 0.449746192893401 0.5260416666666666 0.43248730964467 0.5221354166666666 0.41421319796954315 0.5013020833333334 0.43451776649746193 0.4856770833333333 0.4355329949238579 0.4837239583333333 0.43248730964467 0.4798177083333333 0.43756345177664974 0.50390625 0.449746192893401
0 0.9114583333333334 0.06598984771573604 0.916015625 0.06700507614213198 0.921875 0.06192893401015229 0.9205729166666666 0.046700507614213196 0.9147135416666666 0.04467005076142132 0.9095052083333334 0.049746192893401014 0.9088541666666666 0.06091370558375635 0.9114583333333334 0.06598984771573604
0 0.830078125 0.13705583756345177 0.8365885416666666 0.13908629441624365 0.8404947916666666 0.13604060913705585 0.8411458333333334 0.12791878172588833 0.8372395833333334 0.11878172588832488 0.8313802083333334 0.11573604060913706 0.828125 0.12081218274111676 0.8274739583333334 0.1299492385786802 0.830078125 0.13705583756345177
0 0.9713541666666666 0.15837563451776648 0.97265625 0.15228426395939088 0.9700520833333334 0.14416243654822336 0.962890625 0.14923857868020304 0.96484375 0.16040609137055836 0.9713541666666666 0.15837563451776648
0 0.427734375 0.8182741116751269 0.4283854166666667 0.8263959390862944 0.4420572916666667 0.8436548223350254 0.4453125 0.8527918781725888 0.4453125 0.8629441624365483 0.4583333333333333 0.8741116751269036 0.4680989583333333 0.8690355329949239 0.474609375 0.8538071065989847 0.4700520833333333 0.8385786802030457 0.484375 0.8111675126903554 0.484375 0.8030456852791878 0.4765625 0.7928934010152284 0.4733072916666667 0.7776649746192893 0.4700520833333333 0.7725888324873097 0.4485677083333333 0.7685279187817259 0.4505208333333333 0.7705583756345178 0.4485677083333333 0.782741116751269 0.4368489583333333 0.7918781725888325 0.4329427083333333 0.8 0.4322916666666667 0.8111675126903554 0.427734375 0.8182741116751269