0 0.048177083333333336 0.5065989847715736 0.056640625 0.500507614213198 0.08138020833333333 0.5035532994923858 0.09244791666666667 0.49949238578680205 0.10091145833333333 0.5015228426395939 0.10481770833333333 0.5065989847715736 0.11979166666666667 0.500507614213198 0.1328125 0.5045685279187817 0.14583333333333334 0.5360406091370559 0.14388020833333334 0.5532994923857868 0.14127604166666666 0.5563451776649746 0.150390625 0.5634517766497462 0.15625 0.5634517766497462 0.15885416666666666 0.5685279187817259 0.15494791666666666 0.5725888324873096 0.15755208333333334 0.5776649746192893 0.16145833333333334 0.5776649746192893 0.16927083333333334 0.5949238578680203 0.16796875 0.5675126903553299 0.15885416666666666 0.5147208121827411 0.126953125 0.4294416243654822 0.11588541666666667 0.433502538071066 0.11458333333333333 0.4548223350253807 0.111328125 0.4649746192893401 0.09895833333333333 0.4700507614213198 0.08203125 0.467005076142132 0.07486979166666667 0.4548223350253807 0.07291666666666667 0.433502538071066 0.07096354166666667 0.4304568527918782 0.064453125 0.43147208121827413 0.061848958333333336 0.433502538071066 0.054036458333333336 0.46091370558375633 0.039713541666666664 0.4842639593908629 0.039713541666666664 0.49137055837563454 0.048177083333333336 0.5065989847715736
0 0.028645833333333332 0.531979695431472 0.03515625 0.5522842639593909 0.04296875 0.5593908629441624 0.046223958333333336 0.5796954314720812 0.050130208333333336 0.5796954314720812 0.052083333333333336 0.5878172588832488 0.076171875 0.6020304568527919 0.07747395833333333 0.6142131979695431 0.07877604166666667 0.6111675126903553 0.08138020833333333 0.6142131979695431 0.08333333333333333 0.6030456852791878 0.09765625 0.5969543147208122 0.10677083333333333 0.6111675126903553 0.111328125 0.6263959390862944 0.10872395833333333 0.6436548223350254 0.12630208333333334 0.6446700507614214 0.12825520833333334 0.6416243654822334 0.12760416666666666 0.6294416243654822 0.11653645833333333 0.6050761421319797 0.11328125 0.583756345177665 0.107421875 0.582741116751269 0.09244791666666667 0.5695431472081218 0.08658854166666667 0.5725888324873096 0.07486979166666667 0.5695431472081218 0.051432291666666664 0.5451776649746193 0.041666666666666664 0.5137055837563452 0.030598958333333332 0.5147208121827411 0.027994791666666668 0.5187817258883248 0.028645833333333332 0.531979695431472
0 0.15690104166666666 0.32893401015228424 0.16080729166666666 0.3299492385786802 0.166015625 0.32284263959390863 0.166015625 0.3147208121827411 0.16145833333333334 0.30761421319796955 0.154296875 0.31675126903553297 0.15364583333333334 0.3248730964467005 0.15690104166666666 0.32893401015228424
0 0.150390625 0.3583756345177665 0.15364583333333334 0.3634517766497462 0.15755208333333334 0.36243654822335025 0.15755208333333334 0.332994923857868 0.150390625 0.3299492385786802 0.146484375 0.33401015228426395 0.14583333333333334 0.34416243654822337 0.150390625 0.3583756345177665
0 0.119140625 0.31675126903553297 0.134765625 0.31370558375634516 0.13606770833333334 0.300507614213198 0.12955729166666666 0.2862944162436548 0.11979166666666667 0.28426395939086296 0.11653645833333333 0.29035532994923857 0.11653645833333333 0.3086294416243655 0.119140625 0.31675126903553297
0 0.20442708333333334 0.3411167512690355 0.21744791666666666 0.4040609137055838 0.22786458333333334 0.4263959390862944 0.24479166666666666 0.483248730964467 0.2506510416666667 0.4903553299492386 0.2604166666666667 0.49238578680203043 0.2630208333333333 0.4873096446700508 0.2630208333333333 0.47715736040609136 0.2506510416666667 0.44568527918781725 0.25 0.433502538071066 0.2571614583333333 0.4020304568527919 0.26171875 0.3949238578680203 0.244140625 0.39593908629441626 0.22916666666666666 0.3695431472081218 0.22395833333333334 0.349238578680203 0.22916666666666666 0.31675126903553297 0.21875 0.29441624365482233 0.212890625 0.2923857868020305 0.20247395833333334 0.29644670050761424 0.19791666666666666 0.2934010152284264 0.19401041666666666 0.29746192893401013 0.18684895833333334 0.31573604060913707 0.20442708333333334 0.3411167512690355
0 0.251953125 0.3065989847715736 0.2591145833333333 0.332994923857868 0.259765625 0.3472081218274112 0.2513020833333333 0.39898477157360407 0.24674479166666666 0.4020304568527919 0.24674479166666666 0.41116751269035534 0.24869791666666666 0.4121827411167513 0.24934895833333334 0.40913705583756343 0.255859375 0.41116751269035534 0.2630208333333333 0.4030456852791878 0.2838541666666667 0.3238578680203046 0.2975260416666667 0.3086294416243655 0.3014322916666667 0.2812182741116751 0.2962239583333333 0.2639593908629442 0.291015625 0.2639593908629442 0.2884114583333333 0.2720812182741117 0.2916666666666667 0.2812182741116751 0.2864583333333333 0.2913705583756345 0.2845052083333333 0.30456852791878175 0.2786458333333333 0.3116751269035533 0.275390625 0.32284263959390863 0.2688802083333333 0.3248730964467005 0.2669270833333333 0.3218274111675127 0.265625 0.29035532994923857 0.2623697916666667 0.29035532994923857 0.2571614583333333 0.27715736040609135 0.2584635416666667 0.2751269035532995 0.2526041666666667 0.267005076142132 0.244140625 0.27106598984771574 0.24283854166666666 0.29441624365482233 0.251953125 0.3065989847715736
0 0.26171875 0.4720812182741117 0.279296875 0.46903553299492384 0.2838541666666667 0.4639593908629442 0.2845052083333333 0.44771573604060916 0.28125 0.44771573604060916 0.2685546875 0.46294416243654823 0.2545572916666667 0.46294416243654823 0.2532552083333333 0.46598984771573604 0.26171875 0.4720812182741117
0 0.2897135416666667 0.4588832487309645 0.2916666666666667 0.4467005076142132 0.2890625 0.44568527918781725 0.28515625 0.4517766497461929 0.2825520833333333 0.4649746192893401 0.2897135416666667 0.4588832487309645
0 0.2897135416666667 0.4050761421319797 0.2916666666666667 0.3868020304568528 0.2897135416666667 0.383756345177665 0.287109375 0.38578680203045684 0.2864583333333333 0.39898477157360407 0.2897135416666667 0.4050761421319797
0 0.2903645833333333 0.4436548223350254 0.3255208333333333 0.39390862944162436 0.31640625 0.3868020304568528 0.3131510416666667 0.37766497461928933 0.3072916666666667 0.3766497461928934 0.3046875 0.37969543147208124 0.302734375 0.39593908629441626 0.2955729166666667 0.4050761421319797 0.2942708333333333 0.4131979695431472 0.287109375 0.41725888324873095 0.2858072916666667 0.42233502538071066 0.2903645833333333 0.4436548223350254
0 0.31640625 0.5238578680203045 0.31640625 0.5370558375634518 0.3111979166666667 0.5492385786802031 0.3092447916666667 0.5756345177664974 0.3046875 0.5878172588832488 0.3053385416666667 0.6 0.310546875 0.6040609137055838 0.3229166666666667 0.5857868020304569 0.3287760416666667 0.5563451776649746 0.3359375 0.5370558375634518 0.3359375 0.5279187817258884 0.3326822916666667 0.5238578680203045 0.328125 0.4954314720812183 0.3151041666666667 0.4873096446700508 0.3079427083333333 0.49441624365482234 0.30859375 0.5035532994923858 0.31640625 0.5238578680203045
0 0.310546875 0.6426395939086295 0.3125 0.6294416243654822 0.3098958333333333 0.6101522842639594 0.3072916666666667 0.6091370558375635 0.3033854166666667 0.616243654822335 0.302734375 0.6284263959390863 0.310546875 0.6426395939086295
0 0.3409830729166667 0.5560913705583757 0.3307291666666667 0.6487309644670051 0.3216145833333333 0.6730964467005076 0.32421875 0.6964467005076143 0.3346354166666667 0.7228426395939086 0.3365885416666667 0.7055837563451777 0.3430989583333333 0.6852791878172588 0.3515625 0.6761421319796954 0.3561197916666667 0.6639593908629442 0.3756510416666667 0.5451776649746193 0.3717447916666667 0.5390862944162437 0.3671875 0.5451776649746193 0.3626302083333333 0.5451776649746193 0.361328125 0.5522842639593909 0.3528645833333333 0.5563451776649746 0.341796875 0.5360406091370559 0.3385416666666667 0.534010152284264 0.3372395833333333 0.5401015228426396 0.3372395833333333 0.5492385786802031 0.3409830729166667 0.5560913705583757
0 0.08854166666666667 0.8558375634517766 0.09505208333333333 0.8659898477157361 0.10416666666666667 0.8619289340101522 0.11848958333333333 0.8659898477157361 0.126953125 0.8588832487309644 0.14322916666666666 0.8578680203045685 0.15950520833333334 0.8659898477157361 0.1640625 0.8751269035532995 0.16861979166666666 0.8751269035532995 0.181640625 0.8639593908629442 0.20638020833333334 0.8659898477157361 0.216796875 0.8619289340101522 0.23046875 0.8456852791878172 0.22330729166666666 0.8395939086294416 0.212890625 0.8406091370558376 0.20963541666666666 0.8375634517766497 0.19986979166666666 0.8416243654822335 0.1796875 0.8294416243654822 0.15690104166666666 0.8324873096446701 0.14778645833333334 0.8263959390862944 0.13671875 0.8101522842639594 0.10677083333333333 0.8355329949238579 0.09244791666666667 0.8314720812182741 0.08854166666666667 0.8345177664974619 0.08854166666666667 0.8558375634517766
0 0.1953125 0.9583756345177665 0.21744791666666666 0.949238578680203 0.24283854166666666 0.9604060913705583 0.251953125 0.9705583756345177 0.26953125 0.9512690355329949 0.2838541666666667 0.9593908629441624 0.2897135416666667 0.9685279187817258 0.2916666666666667 0.9634517766497462 0.283203125 0.9411167512690355 0.2662760416666667 0.9350253807106599 0.2649739583333333 0.9238578680203046 0.2669270833333333 0.9218274111675127 0.259765625 0.915736040609137 0.23697916666666666 0.916751269035533 0.23111979166666666 0.9269035532994924 0.21223958333333334 0.9269035532994924 0.19140625 0.9421319796954315 0.19010416666666666 0.9522842639593908 0.1953125 0.9583756345177665
0 0.24088541666666666 0.9401015228426396 0.2506510416666667 0.9380710659898477 0.2623697916666667 0.9431472081218274 0.2643229166666667 0.9370558375634518 0.26953125 0.9370558375634518 0.275390625 0.9441624365482234 0.2897135416666667 0.9360406091370559 0.3033854166666667 0.9390862944162437 0.3196614583333333 0.9512690355329949 0.3287760416666667 0.950253807106599 0.3424479166666667 0.9614213197969543 0.3606770833333333 0.9989847715736041 0.369140625 1 0.3645833333333333 0.9624365482233502 0.369140625 0.9532994923857868 0.3704427083333333 0.9380710659898477 0.3671875 0.9299492385786802 0.3515625 0.9218274111675127 0.345703125 0.9116751269035533 0.3209635416666667 0.9065989847715736 0.3190104166666667 0.916751269035533 0.3118489583333333 0.917766497461929 0.3098958333333333 0.9116751269035533 0.3001302083333333 0.9187817258883249 0.2682291666666667 0.9106598984771573 0.23567708333333334 0.9208121827411168 0.236328125 0.9350253807106599 0.24088541666666666 0.9401015228426396
0 0.3854166666666667 0.7279187817258883 0.3854166666666667 0.7350253807106599 0.3932291666666667 0.7482233502538072 0.3912760416666667 0.7604060913705584 0.3821614583333333 0.7695431472081218 0.3919270833333333 0.7756345177664975 0.4010416666666667 0.7898477157360406 0.3893229166666667 0.8060913705583757 0.390625 0.8213197969543147 0.3977864583333333 0.8304568527918782 0.3984375 0.8629441624365483 0.4010416666666667 0.867005076142132 0.4186197916666667 0.8598984771573605 0.4205729166666667 0.849746192893401 0.4173177083333333 0.8385786802030457 0.4186197916666667 0.8223350253807107 0.416015625 0.8101522842639594 0.4212239583333333 0.7868020304568528 0.4322916666666667 0.7634517766497462 0.4264322916666667 0.7360406091370558 0.435546875 0.7116751269035533 0.4348958333333333 0.6954314720812182 0.4225260416666667 0.6954314720812182 0.4088541666666667 0.6791878172588832 0.3977864583333333 0.682233502538071 0.38671875 0.6710659898477157 0.3802083333333333 0.6954314720812182 0.37890625 0.7279187817258883 0.3854166666666667 0.7279187817258883
0 0.3391927083333333 0.28426395939086296 0.337890625 0.29035532994923857 0.349609375 0.31269035532994927 0.359375 0.31675126903553297 0.3717447916666667 0.332994923857868 0.3782552083333333 0.36751269035532996 0.3951822916666667 0.38578680203045684 0.4166666666666667 0.38578680203045684 0.4153645833333333 0.37766497461928933 0.4010416666666667 0.3695431472081218 0.3658854166666667 0.2639593908629442 0.3580729166666667 0.2598984771573604 0.3489583333333333 0.2629441624365482 0.3444010416666667 0.2812182741116751 0.3391927083333333 0.28426395939086296
0 0.392578125 0.28527918781725886 0.3932291666666667 0.2893401015228426 0.400390625 0.2934010152284264 0.400390625 0.30253807106598984 0.3958333333333333 0.3086294416243655 0.396484375 0.3147208121827411 0.400390625 0.3197969543147208 0.4114583333333333 0.3177664974619289 0.427734375 0.33096446700507615 0.4348958333333333 0.3532994923857868 0.4446614583333333 0.366497461928934 0.447265625 0.3847715736040609 0.4596354166666667 0.39695431472081216 0.462890625 0.39593908629441626 0.4641927083333333 0.3868020304568528 0.4537760416666667 0.34670050761421317 0.451171875 0.3208121827411167 0.4459635416666667 0.31065989847715736 0.4264322916666667 0.29035532994923857 0.4225260416666667 0.267005076142132 0.4225260416666667 0.24467005076142131 0.41796875 0.24060913705583756 0.404296875 0.24263959390862944 0.4069010416666667 0.2730964467005076 0.392578125 0.28527918781725886
0 0.3776041666666667 0.21421319796954313 0.392578125 0.20812182741116753 0.3951822916666667 0.19796954314720813 0.392578125 0.1847715736040609 0.3782552083333333 0.1847715736040609 0.373046875 0.18984771573604062 0.373046875 0.21218274111675126 0.3776041666666667 0.21421319796954313
0 0.37890625 0.150253807106599 0.376953125 0.16040609137055836 0.3841145833333333 0.15939086294416244 0.3873697916666667 0.13908629441624365 0.3977864583333333 0.11776649746192894 0.3932291666666667 0.10355329949238579 0.384765625 0.10558375634517767 0.3815104166666667 0.11269035532994924 0.3763020833333333 0.132994923857868 0.37890625 0.150253807106599
0 0.4036458333333333 0.06802030456852792 0.421875 0.06598984771573604 0.4309895833333333 0.03959390862944162 0.4309895833333333 0.03147208121827411 0.4270833333333333 0.025380710659898477 0.4153645833333333 0.029441624365482234 0.40234375 0.027411167512690356 0.3958333333333333 0.03248730964467005 0.3958333333333333 0.04568527918781726 0.4036458333333333 0.06802030456852792
0 0.4329427083333333 0.12690355329949238 0.4342447916666667 0.14111675126903553 0.443359375 0.1532994923857868 0.4485677083333333 0.1532994923857868 0.45703125 0.13401015228426397 0.45703125 0.12284263959390863 0.44140625 0.11472081218274112 0.4303385416666667 0.09949238578680203 0.4251302083333333 0.10355329949238579 0.4244791666666667 0.11370558375634518 0.4329427083333333 0.12690355329949238
0 0.4837239583333333 0.12487309644670051 0.490234375 0.13705583756345177 0.5032552083333334 0.1401015228426396 0.5071614583333334 0.13604060913705585 0.501953125 0.10761421319796954 0.4869791666666667 0.09644670050761421 0.4811197916666667 0.09644670050761421 0.4759114583333333 0.10253807106598985 0.4765625 0.11878172588832488 0.4837239583333333 0.12487309644670051
0 0.470703125 0.05583756345177665 0.4830729166666667 0.05279187817258883 0.4895833333333333 0.04365482233502538 0.4817708333333333 0.03248730964467005 0.462890625 0.029441624365482234 0.4583333333333333 0.024365482233502538 0.45703125 0.016243654822335026 0.443359375 0.03248730964467005 0.4446614583333333 0.0416243654822335 0.470703125 0.05583756345177665
0 0.5319010416666666 0 0.52734375 0.009137055837563452 0.5182291666666666 0.009137055837563452 0.5123697916666666 0.02131979695431472 0.5123697916666666 0.03248730964467005 0.5286458333333334 0.05380710659898477 0.5358072916666666 0.05482233502538071 0.5540364583333334 0.03756345177664975 0.548828125 0.017258883248730966 0.5501302083333334 0.005076142131979695 0.5475260416666666 0 0.5319010416666666 0
0 0.5520833333333334 0.14213197969543148 0.564453125 0.14416243654822336 0.5690104166666666 0.1401015228426396 0.5657552083333334 0.13604060913705585 0.5670572916666666 0.10253807106598985 0.5436197916666666 0.10862944162436548 0.54296875 0.11472081218274112 0.5520833333333334 0.14213197969543148
0 0.6022135416666666 0.13401015228426397 0.6139322916666666 0.12588832487309645 0.625 0.10964467005076142 0.623046875 0.10152284263959391 0.619140625 0.10152284263959391 0.6126302083333334 0.11065989847715736 0.607421875 0.1116751269035533 0.5989583333333334 0.09137055837563451 0.5944010416666666 0.09644670050761421 0.5911458333333334 0.10761421319796954 0.5924479166666666 0.1218274111675127 0.6022135416666666 0.13401015228426397
0 0.619140625 0.02233502538071066 0.62109375 0.03553299492385787 0.625 0.0416243654822335 0.6315104166666666 0.04365482233502538 0.6419270833333334 0.03654822335025381 0.6412760416666666 0.019289340101522844 0.623046875 0.012182741116751269 0.619140625 0.012182741116751269 0.619140625 0.02233502538071066
0 0.5188802083333334 0.24467005076142131 0.5358072916666666 0.29035532994923857 0.537109375 0.29746192893401013 0.5338541666666666 0.31065989847715736 0.5475260416666666 0.32893401015228424 0.5533854166666666 0.35634517766497464 0.5598958333333334 0.3715736040609137 0.5638020833333334 0.3756345177664975 0.5670572916666666 0.37360406091370557 0.5670572916666666 0.332994923857868 0.5611979166666666 0.3269035532994924 0.5625 0.3096446700507614 0.5592447916666666 0.2913705583756345 0.544921875 0.27715736040609135 0.5390625 0.2598984771573604 0.5390625 0.24467005076142131 0.5514322916666666 0.22030456852791877 0.5397135416666666 0.2101522842639594 0.5319010416666666 0.216243654822335 0.517578125 0.2131979695431472 0.5110677083333334 0.21928934010152284 0.5104166666666666 0.23248730964467004 0.5188802083333334 0.24467005076142131
0 0.572265625 0.23451776649746192 0.5787760416666666 0.25583756345177666 0.5729166666666666 0.2639593908629442 0.5703125 0.27614213197969545 0.55859375 0.28730964467005077 0.55859375 0.29441624365482233 0.5625 0.29746192893401013 0.5677083333333334 0.2954314720812183 0.5716145833333334 0.30761421319796955 0.5735677083333334 0.29441624365482233 0.5846354166666666 0.28223350253807106 0.58984375 0.2923857868020305 0.5963541666666666 0.2883248730964467 0.5989583333333334 0.26802030456852793 0.59765625 0.2436548223350254 0.6067708333333334 0.22233502538071065 0.6015625 0.2050761421319797 0.609375 0.1949238578680203 0.61328125 0.18274111675126903 0.6119791666666666 0.17563451776649747 0.6048177083333334 0.1746192893401015 0.59765625 0.18984771573604062 0.58984375 0.19593908629441625 0.5670572916666666 0.1918781725888325 0.5625 0.19796954314720813 0.560546875 0.20913705583756345 0.5611979166666666 0.21725888324873097 0.572265625 0.23451776649746192
0 0.6009114583333334 0.3238578680203046 0.6061197916666666 0.33604060913705586 0.6080729166666666 0.37969543147208124 0.6184895833333334 0.38781725888324875 0.623046875 0.4020304568527919 0.62890625 0.4101522842639594 0.6432291666666666 0.41116751269035534 0.646484375 0.4050761421319797 0.6412760416666666 0.38883248730964465 0.6419270833333334 0.38071065989847713 0.630859375 0.366497461928934 0.6302083333333334 0.35634517766497464 0.6256510416666666 0.349238578680203 0.6256510416666666 0.3401015228426396 0.6360677083333334 0.3177664974619289 0.6360677083333334 0.30456852791878175 0.640625 0.29035532994923857 0.64453125 0.2598984771573604 0.6529947916666666 0.24974619289340103 0.6595052083333334 0.23248730964467004 0.6484375 0.21928934010152284 0.65234375 0.2020304568527919 0.6432291666666666 0.2020304568527919 0.634765625 0.21725888324873097 0.6328125 0.22944162436548224 0.63671875 0.25380710659898476 0.623046875 0.2923857868020305 0.603515625 0.2954314720812183 0.5911458333333334 0.29035532994923857 0.5911458333333334 0.31370558375634516 0.6009114583333334 0.3238578680203046
0 0.6627604166666666 0.3319796954314721 0.6640625 0.3522842639593909 0.66015625 0.36751269035532996 0.6484375 0.383756345177665 0.6451822916666666 0.39695431472081216 0.642578125 0.4182741116751269 0.6490885416666666 0.42741116751269037 0.6516927083333334 0.42741116751269037 0.6555989583333334 0.4182741116751269 0.6741536458333334 0.4040609137055838 0.689453125 0.3979695431472081 0.6888020833333334 0.39390862944162436 0.6927083333333334 0.3868020304568528 0.69140625 0.37969543147208124 0.6822916666666666 0.36751269035532996 0.6770833333333334 0.3522842639593909 0.6842447916666666 0.33096446700507615 0.69921875 0.3096446700507614 0.6998697916666666 0.2934010152284264 0.7076822916666666 0.25380710659898476 0.724609375 0.21421319796954313 0.7278645833333334 0.20304568527918782 0.7272135416666666 0.19390862944162437 0.72265625 0.18984771573604062 0.7115885416666666 0.21116751269035533 0.7037760416666666 0.20609137055837565 0.6953125 0.20609137055837565 0.6940104166666666 0.2101522842639594 0.6842447916666666 0.20609137055837565 0.6842447916666666 0.19796954314720813 0.6803385416666666 0.1918781725888325 0.6751302083333334 0.19086294416243654 0.673828125 0.2050761421319797 0.6790364583333334 0.216243654822335 0.6842447916666666 0.22030456852791877 0.689453125 0.23959390862944163 0.6901041666666666 0.2598984771573604 0.6875 0.27106598984771574 0.671875 0.2883248730964467 0.6692708333333334 0.29644670050761424 0.6640625 0.29035532994923857 0.6614583333333334 0.265989847715736 0.6569010416666666 0.2629441624365482 0.6536458333333334 0.27106598984771574 0.6536458333333334 0.30558375634517765 0.6627604166666666 0.3319796954314721
0 0.4850260416666667 0.33401015228426395 0.4947916666666667 0.3715736040609137 0.4928385416666667 0.38883248730964465 0.5169270833333334 0.4263959390862944 0.5260416666666666 0.4558375634517767 0.5319010416666666 0.46294416243654823 0.5345052083333334 0.4781725888324873 0.5325520833333334 0.48223350253807107 0.54296875 0.49949238578680205 0.5533854166666666 0.5035532994923858 0.5572916666666666 0.5015228426395939 0.5618489583333334 0.4903553299492386 0.5520833333333334 0.46598984771573604 0.5455729166666666 0.4578680203045685 0.5397135416666666 0.4365482233502538 0.5397135416666666 0.4243654822335025 0.544921875 0.41116751269035534 0.5436197916666666 0.3918781725888325 0.5325520833333334 0.3847715736040609 0.5299479166666666 0.3746192893401015 0.5260416666666666 0.37969543147208124 0.5221354166666666 0.3766497461928934 0.509765625 0.3461928934010152 0.5130208333333334 0.32893401015228424 0.5240885416666666 0.31065989847715736 0.5221354166666666 0.30253807106598984 0.515625 0.300507614213198 0.4967447916666667 0.3065989847715736 0.4889322916666667 0.283248730964467 0.4837239583333333 0.27715736040609135 0.48046875 0.2802030456852792 0.47265625 0.2751269035532995 0.4700520833333333 0.2639593908629442 0.4661458333333333 0.267005076142132 0.4615885416666667 0.28730964467005077 0.4674479166666667 0.31065989847715736 0.4850260416666667 0.33401015228426395
0 0.4635416666666667 0.265989847715736 0.470703125 0.265989847715736 0.4759114583333333 0.2598984771573604 0.4759114583333333 0.24771573604060915 0.4733072916666667 0.24467005076142131 0.466796875 0.24467005076142131 0.4615885416666667 0.25076142131979695 0.4602864583333333 0.2598984771573604 0.4635416666666667 0.265989847715736
0 0.5494791666666666 0.5187817258883248 0.5501302083333334 0.5461928934010152 0.5579427083333334 0.5705583756345177 0.55859375 0.583756345177665 0.572265625 0.6101522842639594 0.5709635416666666 0.6456852791878173 0.5657552083333334 0.650761421319797 0.5670572916666666 0.6649746192893401 0.5748697916666666 0.6730964467005076 0.5859375 0.6568527918781726 0.5885416666666666 0.6477157360406092 0.5904947916666666 0.6101522842639594 0.595703125 0.5878172588832488 0.59375 0.5786802030456852 0.5989583333333334 0.5604060913705584 0.5807291666666666 0.5522842639593909 0.572265625 0.5380710659898477 0.5729166666666666 0.5137055837563452 0.580078125 0.4873096446700508 0.5774739583333334 0.4751269035532995 0.5709635416666666 0.47411167512690355 0.537109375 0.49441624365482234 0.5390625 0.5025380710659898 0.5494791666666666 0.5187817258883248
0 0.416015625 0.5045685279187817 0.4283854166666667 0.5147208121827411 0.431640625 0.531979695431472 0.4329427083333333 0.5654822335025381 0.4270833333333333 0.5705583756345177 0.4251302083333333 0.5776649746192893 0.4244791666666667 0.5888324873096447 0.4270833333333333 0.5949238578680203 0.4329427083333333 0.5949238578680203 0.4375 0.6 0.4459635416666667 0.5949238578680203 0.44921875 0.5969543147208122 0.4479166666666667 0.6040609137055838 0.4544270833333333 0.6091370558375635 0.4602864583333333 0.63248730964467 0.4563802083333333 0.6416243654822334 0.45703125 0.6487309644670051 0.4654947916666667 0.6629441624365482 0.482421875 0.6771573604060914 0.4876302083333333 0.6913705583756345 0.498046875 0.6964467005076143 0.4986979166666667 0.6802030456852792 0.4895833333333333 0.6598984771573604 0.4837239583333333 0.6304568527918781 0.4830729166666667 0.5979695431472081 0.462890625 0.5593908629441624 0.453125 0.5269035532994923 0.4537760416666667 0.5137055837563452 0.4505208333333333 0.5025380710659898 0.4381510416666667 0.48934010152284263 0.4296875 0.4649746192893401 0.419921875 0.4578680203045685 0.416015625 0.4467005076142132 0.408203125 0.4385786802030457 0.404296875 0.43959390862944164 0.4069010416666667 0.46091370558375633 0.3958333333333333 0.4852791878172589 0.3971354166666667 0.5065989847715736 0.416015625 0.5045685279187817
0 0.4290364583333333 0.32791878172588834 0.43359375 0.349238578680203 0.443359375 0.3725888324873096 0.4446614583333333 0.38578680203045684 0.44140625 0.3949238578680203 0.4342447916666667 0.39898477157360407 0.4348958333333333 0.4071065989847716 0.4407552083333333 0.41116751269035534 0.4485677083333333 0.4101522842639594 0.4544270833333333 0.41725888324873095 0.4609375 0.433502538071066 0.4615885416666667 0.45685279187817257 0.4713541666666667 0.4720812182741117 0.4772135416666667 0.47715736040609136 0.486328125 0.4720812182741117 0.482421875 0.4203045685279188 0.4700520833333333 0.3979695431472081 0.4537760416666667 0.3401015228426396 0.4505208333333333 0.3177664974619289 0.4283854166666667 0.2934010152284264 0.419921875 0.2923857868020305 0.4173177083333333 0.2954314720812183 0.41796875 0.3147208121827411 0.4290364583333333 0.32791878172588834
0 0.4817708333333333 0.49949238578680205 0.4928385416666667 0.5197969543147208 0.49609375 0.531979695431472 0.498046875 0.566497461928934 0.5032552083333334 0.5807106598984771 0.517578125 0.601015228426396 0.5279947916666666 0.6355329949238578 0.53125 0.6578680203045685 0.5390625 0.667005076142132 0.544921875 0.6812182741116751 0.5572916666666666 0.6842639593908629 0.5559895833333334 0.6568527918781726 0.5501302083333334 0.6467005076142132 0.54296875 0.6203045685279188 0.544921875 0.6020304568527919 0.5494791666666666 0.5989847715736041 0.5501302083333334 0.5928934010152285 0.5475260416666666 0.5736040609137056 0.54296875 0.5695431472081218 0.5345052083333334 0.5695431472081218 0.521484375 0.5593908629441624 0.5143229166666666 0.5401015228426396 0.5123697916666666 0.5025380710659898 0.5032552083333334 0.483248730964467 0.494140625 0.4781725888324873 0.4876302083333333 0.46802030456852795 0.4791666666666667 0.4751269035532995 0.4765625 0.483248730964467 0.4759114583333333 0.49441624365482234 0.4817708333333333 0.49949238578680205
0 0.21809895833333334 0.5644670050761421 0.21419270833333334 0.5725888324873096 0.22591145833333334 0.584771573604061 0.23307291666666666 0.6213197969543147 0.23307291666666666 0.6730964467005076 0.2513020833333333 0.6842639593908629 0.263671875 0.716751269035533 0.279296875 0.7390862944162436 0.2825520833333333 0.7421319796954314 0.2864583333333333 0.7401015228426396 0.28125 0.7228426395939086 0.2819010416666667 0.6944162436548224 0.2864583333333333 0.683248730964467 0.28125 0.6852791878172588 0.2513020833333333 0.6233502538071066 0.251953125 0.6091370558375635 0.2584635416666667 0.5868020304568528 0.2565104166666667 0.5644670050761421 0.251953125 0.5563451776649746 0.24283854166666666 0.5624365482233502 0.23111979166666666 0.5583756345177665 0.22200520833333334 0.5350253807106599 0.22330729166666666 0.5147208121827411 0.22135416666666666 0.5096446700507614 0.21419270833333334 0.5106598984771573 0.21354166666666666 0.5248730964467005 0.212890625 0.5573604060913706 0.21809895833333334 0.5644670050761421
0 0.2923177083333333 0.8192893401015229 0.302734375 0.8365482233502538 0.3209635416666667 0.848730964467005 0.3229166666666667 0.8456852791878172 0.3209635416666667 0.833502538071066 0.3157552083333333 0.8324873096446701 0.3072916666666667 0.8081218274111676 0.3046875 0.7654822335025381 0.2942708333333333 0.7451776649746192 0.28125 0.7340101522842639 0.2877604166666667 0.7634517766497462 0.2923177083333333 0.8192893401015229
0 0.16861979166666666 0.483248730964467 0.16927083333333334 0.4883248730964467 0.17578125 0.49746192893401014 0.19466145833333334 0.5106598984771573 0.20182291666666666 0.5461928934010152 0.21744791666666666 0.5756345177664974 0.220703125 0.5725888324873096 0.220703125 0.5644670050761421 0.193359375 0.467005076142132 0.19010416666666666 0.4365482233502538 0.18424479166666666 0.43248730964467 0.1796875 0.43451776649746193 0.17838541666666666 0.43959390862944164 0.1796875 0.46903553299492384 0.16861979166666666 0.483248730964467
0 0.19270833333333334 0.47918781725888326 0.21354166666666666 0.5065989847715736 0.21614583333333334 0.5218274111675127 0.22005208333333334 0.5289340101522843 0.22265625 0.5106598984771573 0.23046875 0.4964467005076142 0.232421875 0.47918781725888326 0.22981770833333334 0.47106598984771575 0.22395833333333334 0.467005076142132 0.21223958333333334 0.47411167512690355 0.19205729166666666 0.4639593908629442 0.18880208333333334 0.46802030456852795 0.19270833333333334 0.47918781725888326
0 0.17903645833333334 0.6223350253807106 0.177734375 0.6345177664974619 0.1875 0.650761421319797 0.19075520833333334 0.6629441624365482 0.18880208333333334 0.6649746192893401 0.19075520833333334 0.6751269035532995 0.18815104166666666 0.6802030456852792 0.197265625 0.6934010152284263 0.203125 0.7106598984771574 0.205078125 0.7269035532994924 0.212890625 0.7411167512690355 0.251953125 0.7725888324873097 0.2766927083333333 0.7756345177664975 0.2903645833333333 0.7959390862944162 0.2903645833333333 0.7908629441624365 0.294921875 0.7847715736040609 0.2936197916666667 0.76751269035533 0.291015625 0.7705583756345178 0.2845052083333333 0.7654822335025381 0.279296875 0.7532994923857868 0.2734375 0.7532994923857868 0.26171875 0.7340101522842639 0.2552083333333333 0.7309644670050761 0.24088541666666666 0.7380710659898477 0.22786458333333334 0.7258883248730964 0.21028645833333334 0.6690355329949239 0.20182291666666666 0.6578680203045685 0.19140625 0.6304568527918781 0.19140625 0.6111675126903553 0.17838541666666666 0.5888324873096447 0.173828125 0.5918781725888325 0.17317708333333334 0.6040609137055838 0.17903645833333334 0.6223350253807106
0 0.012369791666666666 0.6720812182741117 0.016276041666666668 0.6802030456852792 0.027994791666666668 0.6852791878172588 0.036458333333333336 0.698477157360406 0.04296875 0.698477157360406 0.06640625 0.6771573604060914 0.08919270833333333 0.6842639593908629 0.12825520833333334 0.6781725888324873 0.15690104166666666 0.6903553299492385 0.181640625 0.6812182741116751 0.19010416666666666 0.6852791878172588 0.20247395833333334 0.698477157360406 0.2109375 0.6923857868020304 0.20963541666666666 0.6771573604060914 0.19921875 0.6629441624365482 0.19921875 0.6568527918781726 0.18098958333333334 0.6527918781725889 0.17838541666666666 0.6487309644670051 0.15690104166666666 0.6538071065989848 0.140625 0.6436548223350254 0.13736979166666666 0.6335025380710659 0.11979166666666667 0.6294416243654822 0.11263020833333333 0.6436548223350254 0.091796875 0.6477157360406092 0.08463541666666667 0.6436548223350254 0.08138020833333333 0.6345177664974619 0.06901041666666667 0.6274111675126903 0.068359375 0.617258883248731 0.06380208333333333 0.6142131979695431 0.059895833333333336 0.6192893401015228 0.06575520833333333 0.6253807106598985 0.06705729166666667 0.6355329949238578 0.06510416666666667 0.6436548223350254 0.049479166666666664 0.6375634517766497 0.035807291666666664 0.6487309644670051 0.025390625 0.6467005076142132 0.018880208333333332 0.6406091370558376 0.015625 0.6446700507614214 0.015625 0.6588832487309645 0.012369791666666666 0.6720812182741117
0 0.22395833333333334 0.8781725888324873 0.22721354166666666 0.8812182741116751 0.23046875 0.8771573604060914 0.22981770833333334 0.8710659898477158 0.2421875 0.868020304568528 0.2513020833333333 0.8741116751269036 0.2578125 0.884263959390863 0.259765625 0.8984771573604061 0.2565104166666667 0.9106598984771573 0.2532552083333333 0.9116751269035533 0.2897135416666667 0.9279187817258884 0.296875 0.9279187817258884 0.3014322916666667 0.9228426395939087 0.3092447916666667 0.9238578680203046 0.3098958333333333 0.9045685279187817 0.3020833333333333 0.9147208121827411 0.296875 0.9137055837563451 0.2864583333333333 0.8974619289340101 0.28515625 0.8802030456852792 0.2903645833333333 0.8761421319796955 0.2864583333333333 0.868020304568528 0.2747395833333333 0.868020304568528 0.26171875 0.8619289340101522 0.24934895833333334 0.848730964467005 0.23828125 0.8426395939086294 0.22526041666666666 0.849746192893401 0.22265625 0.86497461928934 0.22395833333333334 0.8781725888324873
0 0.2669270833333333 0.5025380710659898 0.271484375 0.5147208121827411 0.2760416666666667 0.5187817258883248 0.2897135416666667 0.4954314720812183 0.287109375 0.48020304568527916 0.2897135416666667 0.4639593908629442 0.2877604166666667 0.4588832487309645 0.2799479166666667 0.46091370558375633 0.2688802083333333 0.48020304568527916 0.2649739583333333 0.4873096446700508 0.2669270833333333 0.5025380710659898
0 0.3203125 1 0.3131510416666667 0.9868020304568528 0.310546875 0.9685279187817258 0.2955729166666667 0.9705583756345177 0.2936197916666667 0.9807106598984772 0.29254415755208335 1 0.3203125 1
0 0.4345703125 1 0.416015625 0.9421319796954315 0.41796875 0.9390862944162437 0.416015625 0.9269035532994924 0.3971354166666667 0.9005076142131979 0.3873697916666667 0.9005076142131979 0.3951822916666667 0.9299492385786802 0.396484375 0.9522842639593908 0.400390625 0.9563451776649746 0.4088541666666667 0.9827411167512691 0.404296875 1 0.4345703125 1
0 0.33501302083333334 0.8511015228426396 0.3352864583333333 0.8511015228426396 0.3352864583333333 0.8494060913705583 0.33501302083333334 0.8494060913705583 0.33501302083333334 0.8511015228426396
0 0.5497395833333333 1 0.5403645833333334 0.9796954314720813 0.5403645833333334 0.9725888324873097 0.5481770833333334 0.9543147208121827 0.5384114583333334 0.9279187817258884 0.5182291666666666 0.9116751269035533 0.5149739583333334 0.9035532994923858 0.5123697916666666 0.8913705583756345 0.5143229166666666 0.8741116751269036 0.5123697916666666 0.8588832487309644 0.478515625 0.8355329949238579 0.4674479166666667 0.8426395939086294 0.4674479166666667 0.8517766497461929 0.5229839654947916 1 0.5497395833333333 1
0 0.353515625 0.8568527918781725 0.376953125 0.8700507614213198 0.3763020833333333 0.8538071065989847 0.3567708333333333 0.833502538071066 0.3515625 0.833502538071066 0.3450520833333333 0.8416243654822335 0.3444010416666667 0.8456852791878172 0.353515625 0.8568527918781725
0 0.310546875 0.86497461928934 0.318359375 0.883248730964467 0.3235677083333333 0.9187817258883249 0.3307291666666667 0.9269035532994924 0.3489583333333333 0.9705583756345177 0.3515625 0.9736040609137055 0.3580729166666667 0.9705583756345177 0.3600260416666667 0.9675126903553299 0.359375 0.9269035532994924 0.33984375 0.8984771573604061 0.3372395833333333 0.8802030456852792 0.3411458333333333 0.8609137055837564 0.3385416666666667 0.849746192893401 0.3313802083333333 0.8345177664974619 0.3209635416666667 0.833502538071066 0.3125 0.8446700507614213 0.3092447916666667 0.849746192893401 0.310546875 0.86497461928934
0 0.1640625 0.7624365482233503 0.173828125 0.7593908629441625 0.19596354166666666 0.7746192893401015 0.20182291666666666 0.7725888324873097 0.21809895833333334 0.7857868020304568 0.24609375 0.8345177664974619 0.267578125 0.8365482233502538 0.302734375 0.8578680203045685 0.3111979166666667 0.8507614213197969 0.318359375 0.8507614213197969 0.3059895833333333 0.8426395939086294 0.3033854166666667 0.833502538071066 0.287109375 0.8203045685279188 0.2766927083333333 0.8213197969543147 0.2584635416666667 0.8142131979695432 0.24479166666666666 0.783756345177665 0.20442708333333334 0.7522842639593909 0.16471354166666666 0.7299492385786802 0.15755208333333334 0.732994923857868 0.15104166666666666 0.7482233502538072 0.150390625 0.7573604060913706 0.1640625 0.7624365482233503
0 0.13997395833333334 0.783756345177665 0.14908854166666666 0.7736040609137056 0.156033203125 0.7736040609137056 0.17122395833333334 0.7878172588832487 0.17643229166666666 0.7857868020304568 0.158203125 0.7654822335025381 0.14908854166666666 0.7634517766497462 0.13932291666666666 0.7685279187817259 0.13671875 0.7817258883248731 0.13997395833333334 0.783756345177665
0 0.09309895833333333 0.8629441624365483 0.16471354166666666 0.8761421319796955 0.1796875 0.86497461928934 0.19010416666666666 0.8619289340101522 0.21028645833333334 0.867005076142132 0.23828125 0.8558375634517766 0.24153645833333334 0.8507614213197969 0.220703125 0.8385786802030457 0.19401041666666666 0.8152284263959391 0.18229166666666666 0.7908629441624365 0.17513020833333334 0.7979695431472081 0.17643229166666666 0.8274111675126904 0.17122395833333334 0.8314720812182741 0.15299479166666666 0.8304568527918782 0.138671875 0.8121827411167513 0.13606770833333334 0.8030456852791878 0.13151041666666666 0.8142131979695432 0.10807291666666667 0.8375634517766497 0.09765625 0.8324873096446701 0.08919270833333333 0.8345177664974619 0.08919270833333333 0.8548223350253807 0.09309895833333333 0.8629441624365483
0 0.24153645833333334 0.4903553299492386 0.2623697916666667 0.5218274111675127 0.275390625 0.5796954314720812 0.2786458333333333 0.584771573604061 0.2864583333333333 0.583756345177665 0.2884114583333333 0.5746192893401015 0.2845052083333333 0.5685279187817259 0.2688802083333333 0.4873096446700508 0.24739583333333334 0.4558375634517767 0.24088541666666666 0.45685279187817257 0.24153645833333334 0.4903553299492386
0 0.09049479166666667 0.5614213197969543 0.12239583333333333 0.581725888324873 0.158203125 0.5878172588832488 0.15234375 0.5776649746192893 0.13216145833333334 0.5644670050761421 0.10416666666666667 0.531979695431472 0.09244791666666667 0.5228426395939086 0.08723958333333333 0.5248730964467005 0.08138020833333333 0.5492385786802031 0.09049479166666667 0.5614213197969543
0 0.015465494791666666 0.5824873096446701 0.016279296874999998 0.5824873096446701 0.016279296874999998 0.5799492385786802 0.015465494791666666 0.5799492385786802 0.015465494791666666 0.5824873096446701
0 0.032552083333333336 0.5390862944162437 0.04296875 0.5380710659898477 0.039713541666666664 0.515736040609137 0.034505208333333336 0.5137055837563452 0.029296875 0.5177664974619289 0.029296875 0.5309644670050762 0.032552083333333336 0.5390862944162437
0 0.020182291666666668 0.601015228426396 0.033854166666666664 0.5949238578680203 0.04296875 0.5979695431472081 0.052734375 0.6091370558375635 0.057942708333333336 0.6223350253807106 0.06770833333333333 0.6274111675126903 0.06770833333333333 0.5868020304568528 0.057291666666666664 0.5786802030456852 0.044270833333333336 0.5522842639593909 0.031901041666666664 0.5472081218274112 0.018880208333333332 0.5563451776649746 0.013020833333333334 0.5786802030456852 0.014973958333333334 0.5989847715736041 0.020182291666666668 0.601015228426396
0 0.3704427083333333 0.750253807106599 0.3782552083333333 0.7532994923857868 0.384765625 0.7482233502538072 0.3854166666666667 0.7401015228426396 0.373046875 0.7258883248730964 0.369140625 0.7390862944162436 0.3704427083333333 0.750253807106599
0 0.32421875 0.7685279187817259 0.3346354166666667 0.7736040609137056 0.3444010416666667 0.7918781725888325 0.3470052083333333 0.8111675126903554 0.3600260416666667 0.8111675126903554 0.3697916666666667 0.7776649746192893 0.3626302083333333 0.7431472081218274 0.3346354166666667 0.7137055837563452 0.3333333333333333 0.7238578680203046 0.3229166666666667 0.732994923857868 0.3177083333333333 0.749238578680203 0.3170572916666667 0.7593908629441625 0.32421875 0.7685279187817259
0 0.4609375 0.6812182741116751 0.4772135416666667 0.682233502538071 0.484375 0.6893401015228426 0.4921875 0.7142131979695432 0.4908854166666667 0.7340101522842639 0.4934895833333333 0.749238578680203 0.5143229166666666 0.7786802030456853 0.53125 0.8263959390862944 0.5416666666666666 0.8274111675126904 0.541015625 0.7796954314720812 0.5358072916666666 0.7614213197969543 0.521484375 0.7421319796954314 0.5143229166666666 0.7197969543147208 0.5130208333333334 0.7018609137055837 0.5188802083333334 0.6802030456852792 0.5091145833333334 0.6588832487309645 0.5045572916666666 0.6558375634517767 0.5013020833333334 0.6690355329949239 0.49609375 0.6761421319796954 0.4856770833333333 0.6568527918781726 0.4576822916666667 0.667005076142132 0.4563802083333333 0.6730964467005076 0.4609375 0.6812182741116751
0 0.5501302083333334 0.883248730964467 0.5592447916666666 0.9076142131979695 0.568359375 0.9197969543147209 0.5651041666666666 0.8812182741116751 0.556640625 0.8598984771573605 0.5546875 0.8426395939086294 0.5325520833333334 0.8243654822335026 0.5319010416666666 0.8588832487309644 0.5501302083333334 0.883248730964467
0 0.5494791666666666 0.8802030456852792 0.568359375 0.932994923857868 0.5729166666666666 0.9411167512690355 0.5787760416666666 0.9411167512690355 0.5826822916666666 0.9187817258883249 0.57421875 0.9065989847715736 0.5703125 0.8873096446700508 0.57421875 0.8700507614213198 0.5826822916666666 0.8568527918781725 0.580078125 0.8203045685279188 0.5748697916666666 0.8192893401015229 0.5696614583333334 0.8304568527918782 0.5533854166666666 0.8253807106598985 0.5403645833333334 0.8030456852791878 0.5390625 0.8121827411167513 0.53125 0.817258883248731 0.5358072916666666 0.8609137055837564 0.5494791666666666 0.8802030456852792
0 0.6165364583333334 0.5187817258883248 0.61328125 0.534010152284264 0.619140625 0.5492385786802031 0.6223958333333334 0.5796954314720812 0.6321614583333334 0.6030456852791878 0.6328125 0.6294416243654822 0.630859375 0.6345177664974619 0.634765625 0.6375634517766497 0.6380208333333334 0.6355329949238578 0.6412760416666666 0.6233502538071066 0.640625 0.5685279187817259 0.6321614583333334 0.5492385786802031 0.6282552083333334 0.5228426395939086 0.640625 0.49137055837563454 0.6412760416666666 0.48223350253807107 0.6373697916666666 0.4761421319796954 0.6184895833333334 0.4761421319796954 0.615234375 0.48020304568527916 0.609375 0.49137055837563454 0.6165364583333334 0.5187817258883248
0 0.6295572916666666 0.7319796954314721 0.6373697916666666 0.7340101522842639 0.6399739583333334 0.7218274111675127 0.6373697916666666 0.7106598984771574 0.6321614583333334 0.7045685279187818 0.6334635416666666 0.6954314720812182 0.6432291666666666 0.682233502538071 0.654296875 0.6862944162436548 0.654296875 0.6791878172588832 0.6432291666666666 0.6771573604060914 0.6412760416666666 0.6690355329949239 0.642578125 0.6548223350253807 0.646484375 0.6416243654822334 0.6555989583333334 0.6263959390862944 0.6608072916666666 0.5979695431472081 0.6686197916666666 0.5807106598984771 0.6725260416666666 0.5573604060913706 0.689453125 0.4984771573604061 0.68359375 0.49238578680203043 0.6783854166666666 0.4781725888324873 0.66796875 0.4761421319796954 0.6647135416666666 0.47918781725888326 0.66015625 0.49746192893401014 0.6608072916666666 0.5065989847715736 0.623046875 0.6639593908629442 0.623046875 0.7055837563451777 0.6295572916666666 0.7319796954314721
0 0.71875 0.3269035532994924 0.7213541666666666 0.3411167512690355 0.7154947916666666 0.3695431472081218 0.7057291666666666 0.3868020304568528 0.7005208333333334 0.4304568527918782 0.68359375 0.4720812182741117 0.68359375 0.4873096446700508 0.6868489583333334 0.49746192893401014 0.685546875 0.5055837563451777 0.7037760416666666 0.49137055837563454 0.7076822916666666 0.46294416243654823 0.7096354166666666 0.4619289340101523 0.7076822916666666 0.45380710659898477 0.7154947916666666 0.42538071065989846 0.7239583333333334 0.40812182741116754 0.7337239583333334 0.4040609137055838 0.736328125 0.39695431472081216 0.7395833333333334 0.38071065989847713 0.7376302083333334 0.36446700507614216 0.7415364583333334 0.3553299492385787 0.7421875 0.33096446700507615 0.7486979166666666 0.3177664974619289 0.7526041666666666 0.29949238578680204 0.7630208333333334 0.2812182741116751 0.7701822916666666 0.23756345177664975 0.7610677083333334 0.23451776649746192 0.75390625 0.24060913705583756 0.7421875 0.27614213197969545 0.7317708333333334 0.2893401015228426 0.7259114583333334 0.2862944162436548 0.7135416666666666 0.2639593908629442 0.7115885416666666 0.26802030456852793 0.7200520833333334 0.29644670050761424 0.71875 0.3269035532994924
0 0.7376302083333334 0.5380710659898477 0.744140625 0.5086294416243655 0.7701822916666666 0.47918781725888326 0.767578125 0.4588832487309645 0.78125 0.4101522842639594 0.8040364583333334 0.3949238578680203 0.8072916666666666 0.37360406091370557 0.7981770833333334 0.36446700507614216 0.796875 0.34822335025380713 0.798828125 0.33401015228426395 0.8053385416666666 0.3218274111675127 0.828125 0.3086294416243655 0.8307291666666666 0.3035532994923858 0.830078125 0.29441624365482233 0.8229166666666666 0.28426395939086296 0.8248697916666666 0.24060913705583756 0.822265625 0.2365482233502538 0.8196614583333334 0.2365482233502538 0.8151041666666666 0.24568527918781727 0.8092447916666666 0.24771573604060915 0.8111979166666666 0.2598984771573604 0.806640625 0.27715736040609135 0.7955729166666666 0.2913705583756345 0.7923177083333334 0.3065989847715736 0.7825520833333334 0.3248730964467005 0.77734375 0.36852791878172586 0.7649739583333334 0.4030456852791878 0.7565104166666666 0.4121827411167513 0.7486979166666666 0.44771573604060916 0.7389322916666666 0.46091370558375633 0.7291666666666666 0.483248730964467 0.7265625 0.5096446700507614 0.7265625 0.5258883248730964 0.7376302083333334 0.5380710659898477
0 0.6842447916666666 0.3881553299492386 0.6875 0.41421319796954315 0.6920572916666666 0.4304568527918782 0.6966145833333334 0.43248730964467 0.6953125 0.383756345177665 0.681640625 0.36243654822335025 0.6796875 0.36446700507614216 0.6770833333333334 0.3715736040609137 0.6842447916666666 0.3881553299492386
0 0.6966145833333334 0.4548223350253807 0.701171875 0.44873096446700506 0.697265625 0.44263959390862945 0.6946614583333334 0.4436548223350254 0.6940104166666666 0.4527918781725888 0.6966145833333334 0.4548223350253807
0 0.8333333333333334 0.30558375634517765 0.8626302083333334 0.2984771573604061 0.8658854166666666 0.29441624365482233 0.865234375 0.2893401015228426 0.8841145833333334 0.27715736040609135 0.8834635416666666 0.2517766497461929 0.8684895833333334 0.2467005076142132 0.8645833333333334 0.2639593908629442 0.8587239583333334 0.27411167512690354 0.828125 0.2913705583756345 0.8268229166666666 0.2984771573604061 0.8333333333333334 0.30558375634517765
0 0.9225260416666666 0.27411167512690354 0.923828125 0.27411167512690354 0.923828125 0.27258883248730964 0.9225260416666666 0.27258883248730964 0.9225260416666666 0.27411167512690354
0 0.8606770833333334 0.12690355329949238 0.876953125 0.12081218274111676 0.8899739583333334 0.1218274111675127 0.8912760416666666 0.11776649746192894 0.8841145833333334 0.09644670050761421 0.8828125 0.08020304568527918 0.8763020833333334 0.07309644670050762 0.8684895833333334 0.07715736040609138 0.8548177083333334 0.10152284263959391 0.8483072916666666 0.10761421319796954 0.8483072916666666 0.11269035532994924 0.8606770833333334 0.12690355329949238
0 0.8404947916666666 0.14720812182741116 0.8450520833333334 0.1532994923857868 0.8522135416666666 0.15126903553299492 0.85546875 0.14111675126903553 0.849609375 0.1218274111675127 0.8430989583333334 0.116751269035533 0.837890625 0.12487309644670051 0.8372395833333334 0.13604060913705585 0.8404947916666666 0.14720812182741116
0 0.775390625 0.13604060913705585 0.7819010416666666 0.1401015228426396 0.7903645833333334 0.13604060913705585 0.7825520833333334 0.10456852791878173 0.7721354166666666 0.10152284263959391 0.7643229166666666 0.11269035532994924 0.7649739583333334 0.12284263959390863 0.775390625 0.13604060913705585
0 0.6979166666666666 0.1065989847715736 0.708984375 0.12588832487309645 0.7265625 0.1218274111675127 0.7434895833333334 0.10456852791878173 0.7421875 0.10050761421319797 0.724609375 0.10253807106598985 0.712890625 0.0883248730964467 0.6966145833333334 0.08629441624365482 0.6907552083333334 0.09340101522842639 0.6907552083333334 0.10050761421319797 0.6979166666666666 0.1065989847715736
0 0.7161458333333334 0 0.7115885416666666 0.01116751269035533 0.7024739583333334 0.017258883248730966 0.693359375 0.013197969543147208 0.6901041666666666 0.005076142131979695 0.6822916666666666 0.008121827411167513 0.6770833333333334 0.016243654822335026 0.6764322916666666 0.028426395939086295 0.6979166666666666 0.050761421319796954 0.7115885416666666 0.05279187817258883 0.72265625 0.04060913705583756 0.7369791666666666 0.03654822335025381 0.7395833333333334 0.030456852791878174 0.7278645833333334 0 0.7161458333333334 0
0 0.8040364583333334 0 0.80078125 0.005076142131979695 0.796875 0.023350253807106598 0.7994791666666666 0.03654822335025381 0.82421875 0.03959390862944162 0.8326822916666666 0.03451776649746193 0.8352864583333334 0.028426395939086295 0.83203125 0.016243654822335026 0.8250865885416667 0.016243654822335026 0.826171875 0 0.8040364583333334 0
0 0.9225260416666666 0.12487309644670051 0.9348958333333334 0.12588832487309645 0.9388020833333334 0.12284263959390863 0.94140625 0.10862944162436548 0.9296875 0.05583756345177665 0.9251302083333334 0.05888324873096447 0.9264322916666666 0.06294416243654823 0.9212239583333334 0.07411167512690356 0.9205729166666666 0.09035532994923857 0.9134114583333334 0.10152284263959391 0.9140625 0.11269035532994924 0.9225260416666666 0.12487309644670051
0 0.9173177083333334 0.20710659898477157 0.9251302083333334 0.19593908629441625 0.9186197916666666 0.18578680203045686 0.9088541666666666 0.18781725888324874 0.90625 0.1949238578680203 0.9069010416666666 0.20913705583756345 0.9173177083333334 0.20710659898477157
0 0.7994791666666666 0.1299492385786802 0.8072916666666666 0.13096446700507614 0.8151041666666666 0.12487309644670051 0.814453125 0.11776649746192894 0.8053385416666666 0.1065989847715736 0.8001302083333334 0.1065989847715736 0.7962239583333334 0.11776649746192894 0.7955729166666666 0.12487309644670051 0.7994791666666666 0.1299492385786802
0 0.8131510416666666 0.21928934010152284 0.8248697916666666 0.21725888324873097 0.828125 0.20609137055837565 0.8274739583333334 0.19898477157360406 0.8138020833333334 0.19695431472081218 0.8098958333333334 0.20101522842639594 0.8092447916666666 0.21116751269035533 0.8131510416666666 0.21928934010152284
0 0.8138020833333334 0.2568527918781726 0.82421875 0.24974619289340103 0.826171875 0.2365482233502538 0.814453125 0.22944162436548224 0.806640625 0.23147208121827412 0.806640625 0.24263959390862944 0.8138020833333334 0.2568527918781726
0 0.78125 0.216243654822335 0.7877604166666666 0.21218274111675126 0.787109375 0.2020304568527919 0.7819010416666666 0.2 0.7779947916666666 0.20406091370558377 0.7766927083333334 0.2101522842639594 0.78125 0.216243654822335
0 0.810546875 0.39695431472081216 0.8489583333333334 0.3725888324873096 0.8483072916666666 0.3583756345177665 0.8541666666666666 0.33908629441624366 0.8717447916666666 0.3187817258883249 0.8899739583333334 0.32588832487309644 0.9114583333333334 0.3218274111675127 0.91796875 0.31370558375634516 0.921875 0.2954314720812183 0.9322916666666666 0.28426395939086296 0.93359375 0.27411167512690354 0.931640625 0.265989847715736 0.9290364583333334 0.26192893401015227 0.921875 0.2629441624365482 0.9153645833333334 0.2812182741116751 0.896484375 0.27918781725888325 0.8873697916666666 0.2751269035532995 0.88671875 0.2548223350253807 0.8841145833333334 0.2517766497461929 0.8782552083333334 0.2568527918781726 0.873046875 0.24873096446700507 0.869140625 0.24873096446700507 0.8658854166666666 0.26802030456852793 0.8606770833333334 0.2802030456852792 0.83984375 0.28730964467005077 0.8274739583333334 0.2984771573604061 0.837890625 0.3238578680203046 0.833984375 0.3532994923857868 0.828125 0.36548223350253806 0.802734375 0.383756345177665 0.8020833333333334 0.3979695431472081 0.810546875 0.39695431472081216
0 0.9192708333333334 0.28426395939086296 0.9329427083333334 0.3065989847715736 0.9420572916666666 0.3065989847715736 0.9453125 0.29644670050761424 0.9361979166666666 0.2862944162436548 0.9322916666666666 0.2649746192893401 0.9244791666666666 0.26192893401015227 0.919921875 0.26802030456852793 0.91796875 0.2751269035532995 0.9192708333333334 0.28426395939086296
0 0.8072916666666666 0.483248730964467 0.8072916666666666 0.4883248730964467 0.8001302083333334 0.4903553299492386 0.7936197916666666 0.5137055837563452 0.7884114583333334 0.5187817258883248 0.79296875 0.5228426395939086 0.80078125 0.5218274111675127 0.8040364583333334 0.49746192893401014 0.8444010416666666 0.4862944162436548 0.859375 0.4883248730964467 0.8658854166666666 0.48020304568527916 0.9095052083333334 0.49137055837563454 0.9283854166666666 0.49238578680203043 0.9505208333333334 0.5065989847715736 0.9602864583333334 0.4842639593908629 0.97265625 0.46802030456852795 0.9674479166666666 0.46091370558375633 0.9537760416666666 0.46294416243654823 0.9388020833333334 0.4588832487309645 0.9303385416666666 0.46294416243654823 0.921875 0.4548223350253807 0.908203125 0.4619289340101523 0.8938802083333334 0.4619289340101523 0.8815104166666666 0.449746192893401 0.8834635416666666 0.42842639593908627 0.8684895833333334 0.433502538071066 0.8658854166666666 0.4467005076142132 0.8600260416666666 0.45685279187817257 0.8528645833333334 0.4619289340101523 0.8404947916666666 0.4639593908629442 0.8313802083333334 0.4558375634517767 0.8248697916666666 0.4588832487309645 0.818359375 0.4517766497461929 0.8203125 0.44568527918781725 0.8190104166666666 0.4385786802030457 0.8209635416666666 0.43756345177664974 0.818359375 0.433502538071066 0.806640625 0.4527918781725888 0.81640625 0.46598984771573604 0.8072916666666666 0.483248730964467
0 0.8157552083333334 0.4436548223350254 0.828125 0.449746192893401 0.833984375 0.449746192893401 0.849609375 0.4203045685279188 0.859375 0.4263959390862944 0.8723958333333334 0.4182741116751269 0.8763020833333334 0.4050761421319797 0.890625 0.3928934010152284 0.8951822916666666 0.3746192893401015 0.8984375 0.3715736040609137 0.8951822916666666 0.366497461928934 0.896484375 0.36243654822335025 0.9029947916666666 0.35634517766497464 0.8997395833333334 0.35431472081218274 0.8997395833333334 0.349238578680203 0.9075520833333334 0.3411167512690355 0.9153645833333334 0.32588832487309644 0.919921875 0.3096446700507614 0.9186197916666666 0.3035532994923858 0.9010416666666666 0.32588832487309644 0.8971354166666666 0.3380710659898477 0.8932291666666666 0.3411167512690355 0.89453125 0.34517766497461927 0.8756510416666666 0.3756345177664975 0.8658854166666666 0.3715736040609137 0.8522135416666666 0.37360406091370557 0.828125 0.4101522842639594 0.8170572916666666 0.41421319796954315 0.8138020833333334 0.4385786802030457 0.8157552083333334 0.4436548223350254
0 0.7552083333333334 0.47918781725888326 0.75390625 0.4883248730964467 0.7584635416666666 0.49238578680203043 0.779296875 0.49137055837563454 0.7975260416666666 0.46903553299492384 0.796875 0.4649746192893401 0.7890625 0.4639593908629442 0.7779947916666666 0.4720812182741117 0.7604166666666666 0.46598984771573604 0.7584635416666666 0.45989847715736043 0.7513020833333334 0.46294416243654823 0.7493489583333334 0.4639593908629442 0.7552083333333334 0.47918781725888326
0 0.7552083333333334 0.7604060913705584 0.7727864583333334 0.7482233502538072 0.8001302083333334 0.7380710659898477 0.80078125 0.7299492385786802 0.7962239583333334 0.7126903553299493 0.7981770833333334 0.7025380710659899 0.8072916666666666 0.6842639593908629 0.81640625 0.6771573604060914 0.8391927083333334 0.6802030456852792 0.8626302083333334 0.6690355329949239 0.87109375 0.6467005076142132 0.8717447916666666 0.6355329949238578 0.8645833333333334 0.6335025380710659 0.857421875 0.6395939086294417 0.8170572916666666 0.649746192893401 0.76171875 0.7360406091370558 0.7545572916666666 0.7401015228426396 0.7473958333333334 0.750253807106599 0.7486979166666666 0.7583756345177665 0.7552083333333334 0.7604060913705584
0 0.7604166666666666 0.751269035532995 0.7766927083333334 0.750253807106599 0.7786458333333334 0.7472081218274111 0.8046875 0.7543147208121828 0.8287760416666666 0.7472081218274111 0.8391927083333334 0.7522842639593909 0.8626302083333334 0.7736040609137056 0.8626302083333334 0.7776649746192893 0.869140625 0.7847715736040609 0.8736979166666666 0.7634517766497462 0.873046875 0.7543147208121828 0.8450520833333334 0.7116751269035533 0.841796875 0.7106598984771574 0.8294270833333334 0.7340101522842639 0.810546875 0.7340101522842639 0.7962239583333334 0.7279187817258883 0.7897135416666666 0.7187817258883249 0.7682291666666666 0.7340101522842639 0.7591145833333334 0.7421319796954314 0.7604166666666666 0.751269035532995
0 0.7259114583333334 0.9055837563451776 0.744140625 0.8964467005076142 0.7467447916666666 0.8812182741116751 0.7532552083333334 0.8690355329949239 0.7643229166666666 0.8629441624365483 0.7734375 0.868020304568528 0.7825520833333334 0.8893401015228426 0.7916666666666666 0.8934010152284264 0.7955729166666666 0.8852791878172589 0.7916666666666666 0.86497461928934 0.7994791666666666 0.8558375634517766 0.8196614583333334 0.8507614213197969 0.8411458333333334 0.8700507614213198 0.8450520833333334 0.8659898477157361 0.8450520833333334 0.8558375634517766 0.8307291666666666 0.8304568527918782 0.81640625 0.8203045685279188 0.8092447916666666 0.8081218274111676 0.8020833333333334 0.817258883248731 0.7805989583333334 0.8274111675126904 0.740234375 0.8609137055837564 0.7395833333333334 0.8720812182741117 0.7259114583333334 0.8802030456852792 0.7220052083333334 0.899492385786802 0.7213541666666666 0.9035532994923858 0.7259114583333334 0.9055837563451776
0 0.5703841145833334 0.6852842639593909 0.5721940104166666 0.6852842639593909 0.5721940104166666 0.6835888324873097 0.5703841145833334 0.6835888324873097 0.5703841145833334 0.6852842639593909
0 0.5891927083333334 0.5756345177664974 0.5865885416666666 0.5969543147208122 0.5911458333333334 0.6030456852791878 0.5891927083333334 0.6335025380710659 0.5989583333333334 0.7248730964467005 0.5904947916666666 0.7532994923857868 0.5950520833333334 0.7614213197969543 0.5885416666666666 0.7868020304568528 0.5944010416666666 0.8365482233502538 0.6009114583333334 0.8426395939086294 0.609375 0.8426395939086294 0.6282552083333334 0.8192893401015229 0.6263020833333334 0.8152284263959391 0.6167532552083334 0.817258883248731 0.6106770833333334 0.8091370558375635 0.6048177083333334 0.7898477157360406 0.6067708333333334 0.7756345177664975 0.615234375 0.7654822335025381 0.615234375 0.7482233502538072 0.6204427083333334 0.7299492385786802 0.6178385416666666 0.7106598984771574 0.6217447916666666 0.6974619289340102 0.615234375 0.6812182741116751 0.61328125 0.6680203045685279 0.6126302083333334 0.6527918781725889 0.615234375 0.649746192893401 0.6087239583333334 0.6456852791878173 0.603515625 0.6182741116751269 0.6048177083333334 0.6030456852791878 0.61328125 0.583756345177665 0.607421875 0.5786802030456852 0.61328125 0.5604060913705584 0.6119791666666666 0.5329949238578681 0.6061197916666666 0.531979695431472 0.5989583333333334 0.5532994923857868 0.5846354166666666 0.5573604060913706 0.5852864583333334 0.5685279187817259 0.5891927083333334 0.5756345177664974
0 0.55859375 0.7654822335025381 0.5774739583333334 0.7817258883248731 0.580078125 0.7715736040609137 0.5859375 0.7685279187817259 0.5872395833333334 0.749238578680203 0.5852864583333334 0.7421319796954314 0.5807291666666666 0.7401015228426396 0.5748697916666666 0.7177664974619289 0.5729166666666666 0.7015228426395939 0.5755208333333334 0.6873096446700507 0.5709635416666666 0.6751269035532995 0.5690104166666666 0.683248730964467 0.5625 0.683248730964467 0.560546875 0.6791878172588832 0.5592447916666666 0.682233502538071 0.5514322916666666 0.6812182741116751 0.5579427083333334 0.7208121827411168 0.55859375 0.7654822335025381
0 0.5403645833333334 0.6883248730964467 0.5423177083333334 0.7076142131979696 0.544921875 0.7106598984771574 0.5423177083333334 0.7238578680203046 0.537109375 0.7319796954314721 0.5240885416666666 0.732994923857868 0.5221354166666666 0.7380710659898477 0.5247395833333334 0.751269035532995 0.5305989583333334 0.7543147208121828 0.537109375 0.7878172588832487 0.5397135416666666 0.7908629441624365 0.556640625 0.7614213197969543 0.5598958333333334 0.750253807106599 0.5559895833333334 0.7360406091370558 0.5579427083333334 0.7157360406091371 0.552734375 0.6954314720812182 0.5416666666666666 0.6812182741116751 0.537109375 0.6680203045685279 0.5286458333333334 0.6619289340101523 0.5240885416666666 0.6771573604060914 0.529296875 0.6842639593908629 0.5403645833333334 0.6883248730964467
0 0.66796875 0.5086294416243655 0.66796875 0.5228426395939086 0.6516927083333334 0.583756345177665 0.6555989583333334 0.584771573604061 0.658203125 0.5949238578680203 0.6725260416666666 0.583756345177665 0.6868489583333334 0.5532994923857868 0.685546875 0.5411167512690356 0.6822916666666666 0.5390862944162437 0.6822916666666666 0.5248730964467005 0.6927083333333334 0.49441624365482234 0.6901041666666666 0.48934010152284263 0.6861979166666666 0.4903553299492386 0.6803385416666666 0.47918781725888326 0.6673177083333334 0.4781725888324873 0.6608072916666666 0.49746192893401014 0.6634114583333334 0.5055837563451777 0.66796875 0.5086294416243655
0 0.5703125 0.8304568527918782 0.57421875 0.8416243654822335 0.5813802083333334 0.8416243654822335 0.587890625 0.8263959390862944 0.587890625 0.8020304568527918 0.5846354166666666 0.783756345177665 0.578125 0.7766497461928934 0.5755208333333334 0.7817258883248731 0.5755208333333334 0.8111675126903554 0.5703125 0.8304568527918782
0 0.6009114583333334 0.8507614213197969 0.609375 0.8802030456852792 0.609375 0.8934010152284264 0.6009114583333334 0.9218274111675127 0.6048177083333334 0.9319796954314721 0.6100260416666666 0.9360406091370559 0.6334635416666666 0.9218274111675127 0.6354166666666666 0.9116751269035533 0.6315104166666666 0.9076142131979695 0.62890625 0.8934010152284264 0.6295572916666666 0.8690355329949239 0.6451822916666666 0.848730964467005 0.6555989583333334 0.8203045685279188 0.65625 0.7979695431472081 0.662109375 0.7766497461928934 0.6770833333333334 0.7634517766497462 0.6796875 0.7573604060913706 0.6751302083333334 0.7065989847715736 0.6686197916666666 0.7055837563451777 0.6588541666666666 0.7289340101522843 0.644748046875 0.7370558375634517 0.63671875 0.7360406091370558 0.6302083333333334 0.7421319796954314 0.6243489583333334 0.7685279187817259 0.6354166666666666 0.7807106598984772 0.63671875 0.7949238578680203 0.6334635416666666 0.8091370558375635 0.6217447916666666 0.8213197969543147 0.6145833333333334 0.8233502538071066 0.609375 0.8182741116751269 0.6048177083333334 0.8213197969543147 0.6087239583333334 0.8446700507614213 0.6009114583333334 0.8507614213197969
0 0.6555989583333334 0.9421319796954315 0.6575520833333334 0.949238578680203 0.6725260416666666 0.9431472081218274 0.6796875 0.9350253807106599 0.6803385416666666 0.9228426395939087 0.6881510416666666 0.8984771573604061 0.6888020833333334 0.8812182741116751 0.6946614583333334 0.8659898477157361 0.7096354166666666 0.8588832487309644 0.7239583333333334 0.867005076142132 0.734375 0.8588832487309644 0.736328125 0.8527918781725888 0.7506510416666666 0.849746192893401 0.7545572916666666 0.8345177664974619 0.751953125 0.8324873096446701 0.75390625 0.8162436548223351 0.7591145833333334 0.8071065989847716 0.7571614583333334 0.8010152284263959 0.7584635416666666 0.7908629441624365 0.7513020833333334 0.7817258883248731 0.7428385416666666 0.8121827411167513 0.73828125 0.8162436548223351 0.7220052083333334 0.8152284263959391 0.71484375 0.7959390862944162 0.7180989583333334 0.7918781725888325 0.7220052083333334 0.7725888324873097 0.7076822916666666 0.7614213197969543 0.7018229166666666 0.7614213197969543 0.6959635416666666 0.76751269035533 0.6953125 0.7979695431472081 0.6920572916666666 0.8162436548223351 0.6881510416666666 0.8284263959390863 0.677734375 0.8416243654822335 0.671875 0.8639593908629442 0.6653645833333334 0.9126903553299492 0.6555989583333334 0.9421319796954315
0 0.662109375 0.6944162436548224 0.666015625 0.7096446700507614 0.6647135416666666 0.7208121827411168 0.654296875 0.7299492385786802 0.654296875 0.7472081218274111 0.6575520833333334 0.7522842639593909 0.6829427083333334 0.7248730964467005 0.6861979166666666 0.7187817258883249 0.6875 0.7035532994923858 0.6920572916666666 0.6944162436548224 0.7102864583333334 0.6771573604060914 0.7063802083333334 0.6477157360406092 0.7037760416666666 0.6446700507614214 0.6946614583333334 0.649746192893401 0.6888020833333334 0.6456852791878173 0.6666666666666666 0.6517766497461929 0.6595052083333334 0.6609137055837564 0.6614583333333334 0.6680203045685279 0.6555989583333334 0.6761421319796954 0.6549479166666666 0.6883248730964467 0.662109375 0.6944162436548224
0 0.6953125 0.6030456852791878 0.6940104166666666 0.6233502538071066 0.689453125 0.6375634517766497 0.6927083333333334 0.6467005076142132 0.708984375 0.6416243654822334 0.716796875 0.6020304568527919 0.7265625 0.5898477157360406 0.740234375 0.583756345177665 0.7493489583333334 0.566497461928934 0.7493489583333334 0.5624365482233502 0.7395833333333334 0.5522842639593909 0.7330729166666666 0.5228426395939086 0.734375 0.5177664974619289 0.73046875 0.5137055837563452 0.7239583333333334 0.5197969543147208 0.724609375 0.5258883248730964 0.720703125 0.5370558375634518 0.7109375 0.5563451776649746 0.6875 0.5532994923857868 0.68359375 0.5644670050761421 0.6953125 0.6030456852791878
0 0.7643229166666666 0.6284263959390863 0.7766927083333334 0.601015228426396 0.78515625 0.5918781725888325 0.8111979166666666 0.5969543147208122 0.8255208333333334 0.5868020304568528 0.92578125 0.6020304568527919 0.9290364583333334 0.5949238578680203 0.9290364583333334 0.5868020304568528 0.9361979166666666 0.582741116751269 0.939453125 0.5746192893401015 0.9348958333333334 0.5543147208121827 0.931640625 0.5512690355329949 0.9166666666666666 0.5532994923857868 0.904296875 0.5451776649746193 0.9016927083333334 0.5309644670050762 0.8977864583333334 0.5248730964467005 0.8860677083333334 0.5461928934010152 0.8723958333333334 0.5512690355329949 0.8385416666666666 0.531979695431472 0.82421875 0.5522842639593909 0.810546875 0.5543147208121827 0.8020833333333334 0.5492385786802031 0.7858072916666666 0.5583756345177665 0.7610677083333334 0.5939086294416244 0.75390625 0.6111675126903553 0.7513020833333334 0.6375634517766497 0.7643229166666666 0.6284263959390863
0 0.7434895833333334 0.5756345177664974 0.7838541666666666 0.5553299492385787 0.7936197916666666 0.5401015228426396 0.796875 0.5177664974619289 0.7825520833333334 0.5106598984771573 0.7805989583333334 0.5309644670050762 0.7766927083333334 0.5411167512690356 0.7623697916666666 0.5532994923857868 0.7447916666666666 0.5614213197969543 0.7421875 0.5685279187817259 0.7434895833333334 0.5756345177664974
0 0.6770833333333334 0.950253807106599 0.6946614583333334 0.9604060913705583 0.7122395833333334 0.9553299492385787 0.7161458333333334 0.9461928934010152 0.7135416666666666 0.9411167512690355 0.7024739583333334 0.9390862944162437 0.6783854166666666 0.9421319796954315 0.6744791666666666 0.9461928934010152 0.6770833333333334 0.950253807106599
0 0.640625 0.9776649746192894 0.6490885416666666 0.9705583756345177 0.6497395833333334 0.9583756345177665 0.646484375 0.9522842639593908 0.638671875 0.9522842639593908 0.6354166666666666 0.9644670050761421 0.640625 0.9776649746192894
0 0.6822916666666666 0.7604060913705584 0.689453125 0.7614213197969543 0.7278645833333334 0.7350253807106599 0.7421875 0.7177664974619289 0.74609375 0.698477157360406 0.7545572916666666 0.683248730964467 0.7649739583333334 0.6771573604060914 0.7734375 0.6781725888324873 0.8001302083333334 0.6619289340101523 0.8020833333333334 0.6467005076142132 0.8072916666666666 0.6335025380710659 0.783203125 0.6477157360406092 0.7779947916666666 0.6487309644670051 0.771484375 0.6436548223350254 0.7682291666666666 0.6335025380710659 0.767578125 0.6182741116751269 0.7740885416666666 0.5989847715736041 0.767578125 0.601015228426396 0.75390625 0.6182741116751269 0.7486979166666666 0.6487309644670051 0.73046875 0.6842639593908629 0.720703125 0.7218274111675127 0.7096354166666666 0.732994923857868 0.693359375 0.7370558375634517 0.685546875 0.7431472081218274 0.6822916666666666 0.750253807106599 0.6822916666666666 0.7604060913705584
0 0.7115885416666666 0.7817258883248731 0.7154947916666666 0.7817258883248731 0.7239583333333334 0.7715736040609137 0.7473958333333334 0.7644670050761422 0.748046875 0.751269035532995 0.7513020833333334 0.7451776649746192 0.7454427083333334 0.7370558375634517 0.7369791666666666 0.7380710659898477 0.7311197916666666 0.7441624365482233 0.7135416666666666 0.749238578680203 0.7096354166666666 0.7573604060913706 0.7076822916666666 0.76751269035533 0.7115885416666666 0.7817258883248731
0 0.8645833333333334 0.38578680203045684 0.865234375 0.39593908629441626 0.873046875 0.4010152284263959 0.916015625 0.40913705583756343 0.9251302083333334 0.42741116751269037 0.9283854166666666 0.42842639593908627 0.9348958333333334 0.41116751269035534 0.94921875 0.4 0.95703125 0.3979695431472081 0.9791666666666666 0.41116751269035534 0.9921875 0.3918781725888325 0.990234375 0.3725888324873096 0.9752604166666666 0.3634517766497462 0.970703125 0.35634517766497464 0.9694010416666666 0.33401015228426395 0.9635416666666666 0.32588832487309644 0.9583333333333334 0.32791878172588834 0.9505208333333334 0.350253807106599 0.9342447916666666 0.37055837563451777 0.9231770833333334 0.37055837563451777 0.9147135416666666 0.3634517766497462 0.9029947916666666 0.3604060913705584 0.900390625 0.3472081218274112 0.8893229166666666 0.3715736040609137 0.8645833333333334 0.38578680203045684
0 0.7643229166666666 0.8040609137055837 0.771484375 0.8030456852791878 0.7825520833333334 0.7746192893401015 0.791015625 0.7736040609137056 0.8033854166666666 0.7888324873096447 0.810546875 0.782741116751269 0.810546875 0.7725888324873097 0.8020833333333334 0.7583756345177665 0.783203125 0.7543147208121828 0.77734375 0.7604060913705584 0.767578125 0.7807106598984772 0.7630208333333334 0.7959390862944162 0.7643229166666666 0.8040609137055837
0 0.36328125 0.12385786802030457 0.3795572916666667 0.10964467005076142 0.369140625 0.09644670050761421 0.3626302083333333 0.09847715736040609 0.3528645833333333 0.11065989847715736 0.3561197916666667 0.11979695431472082 0.36328125 0.12385786802030457
0 0.08138020833333333 0.32588832487309644 0.08203125 0.3015228426395939 0.07877604166666667 0.29644670050761424 0.07096354166666667 0.3015228426395939 0.07096354166666667 0.3147208121827411 0.08138020833333333 0.32588832487309644
0 0.078125 0.30558375634517765 0.078125 0.2984771573604061 0.07421875 0.300507614213198 0.07421875 0.31065989847715736 0.078125 0.30558375634517765
0 0.08138020833333333 0.3177664974619289 0.08528645833333333 0.3187817258883249 0.0859375 0.32893401015228424 0.08919270833333333 0.33401015228426395 0.095703125 0.33401015228426395 0.09700520833333333 0.3197969543147208 0.09244791666666667 0.31065989847715736 0.08854166666666667 0.3096446700507614 0.08528645833333333 0.31675126903553297 0.08138020833333333 0.3177664974619289