0 0.050000 0.184375 0.034375 0.200000 0.032813 0.225000 0.042188 0.232813 0.059375 0.234375 0.070312 0.229687 0.078125 0.217188 0.075000 0.187500 0.093750 0.151562 0.087500 0.089063 0.059375 0.079687 0.035937 0.098437 0.056250 0.151562 0.050000 0.184375
0 0.345313 0.065625 0.334375 0.073438 0.334375 0.118750 0.342187 0.137500 0.335938 0.157812 0.364063 0.209375 0.375000 0.204687 0.398438 0.210938 0.418750 0.207813 0.426563 0.139063 0.448437 0.118750 0.462500 0.093750 0.460938 0.079687 0.428125 0.060937 0.429688 0.026562 0.439063 0.010937 0.439063 0.000000 0.429688 0.000000 0.431250 0.000000 0.414062 0.000000 0.385937 0.000000 0.370312 0.000000 0.373437 0.015625 0.364063 0.021875 0.345313 0.020313 0.340625 0.026562 0.350000 0.042188 0.345313 0.065625
0 0.442188 0.200000 0.453125 0.204687 0.460938 0.193750 0.468750 0.128125 0.454688 0.121875 0.435937 0.139063 0.435937 0.176563 0.442188 0.200000
0 0.520312 0.204687 0.520312 0.157812 0.503125 0.146875 0.489063 0.148438 0.510938 0.203125 0.520312 0.204687
0 0.804688 0.171875 0.828125 0.171875 0.837500 0.184375 0.857812 0.170313 0.870313 0.195312 0.887500 0.195312 0.895312 0.187500 0.893750 0.167187 0.898438 0.145313 0.910937 0.128125 0.912500 0.092188 0.903125 0.087500 0.879687 0.101562 0.867188 0.101562 0.857812 0.092188 0.867188 0.068750 0.885938 0.045312 0.871875 0.025000 0.885938 0.006250 0.881250 0.000000 0.890625 0.000000 0.890625 0.000000 0.870313 0.000000 0.862500 0.000000 0.837500 0.000000 0.784375 0.020313 0.760938 0.101562 0.762500 0.126562 0.804688 0.171875
0 0.935937 0.246875 0.948438 0.246875 0.960938 0.232813 0.964063 0.223438 0.954688 0.192188 0.964063 0.164062 0.945312 0.139063 0.934375 0.143750 0.926562 0.175000 0.929688 0.193750 0.903125 0.204687 0.901563 0.226562 0.935937 0.246875
0 0.970313 0.235937 0.978125 0.240625 1.000000 0.239063 1.000000 0.234375 1.000000 0.176563 1.000000 0.148438 1.000000 0.120313 0.987500 0.101562 0.968750 0.104688 0.973437 0.126562 0.970313 0.235937
0 0.178125 0.246875 0.206250 0.242188 0.228125 0.248438 0.235937 0.240625 0.229687 0.212500 0.204687 0.201563 0.195312 0.206250 0.160938 0.201563 0.137500 0.220312 0.142187 0.235937 0.178125 0.246875
0 0.478125 0.246875 0.495312 0.245312 0.500000 0.239063 0.546875 0.245312 0.589063 0.240625 0.598437 0.210938 0.585938 0.198437 0.545312 0.195312 0.352372 0.213837 0.465625 0.234375 0.478125 0.246875
0 0.662500 0.243750 0.670312 0.235937 0.695312 0.245312 0.742188 0.235937 0.726562 0.196875 0.707812 0.179688 0.704688 0.135937 0.685937 0.131250 0.673438 0.140625 0.665625 0.154688 0.671875 0.175000 0.670312 0.200000 0.634375 0.212500 0.625000 0.225000 0.631250 0.246875 0.662500 0.243750
0 0.753125 0.239063 0.900000 0.254688 0.950000 0.250000 0.962500 0.223438 0.939063 0.204687 0.914062 0.198437 0.898438 0.214062 0.882812 0.217188 0.835938 0.206250 0.829688 0.200000 0.828125 0.173437 0.810937 0.175000 0.742188 0.206250 0.742188 0.225000 0.753125 0.239063
0 0.148558 0.237861 0.181370 0.247236 0.243870 0.250361 0.264183 0.259736 0.267308 0.253486 0.303245 0.248798 0.332933 0.261298 0.343870 0.242548 0.361058 0.230048 0.359495 0.209736 0.348558 0.195673 0.318870 0.211298 0.303245 0.205048 0.293870 0.212861 0.286702 0.220339 0.250120 0.219111 0.218870 0.206611 0.173558 0.203486 0.156370 0.205048 0.143870 0.217548 0.139183 0.230048 0.148558 0.237861
