0 0.645312 0.129688 0.657813 0.137500 0.668750 0.157812 0.659375 0.187500 0.670312 0.234375 0.690625 0.240625 0.787500 0.218750 0.803125 0.203125 0.812500 0.189062 0.815625 0.164062 0.790625 0.137500 0.785937 0.104688 0.798438 0.090625 0.792188 0.059375 0.807813 0.021875 0.801562 0.000000 0.817187 0.000000 0.810937 0.000000 0.817187 0.000000 0.815625 0.000000 0.809375 0.000000 0.776563 0.000000 0.735938 0.000000 0.715625 0.000000 0.698438 0.000000 0.703125 0.000000 0.667188 0.026562 0.657813 0.032813 0.646875 0.068750 0.650000 0.109375 0.645312 0.129688
0 0.850000 0.184375 0.834375 0.200000 0.832812 0.225000 0.842187 0.232813 0.859375 0.234375 0.870313 0.229687 0.878125 0.217188 0.875000 0.187500 0.893750 0.151562 0.887500 0.089063 0.859375 0.079687 0.835938 0.098437 0.856250 0.151562 0.850000 0.184375
0 0.526563 0.176563 0.526563 0.187500 0.525419 0.235572 0.561228 0.232050 0.575000 0.167187 0.593750 0.168750 0.603125 0.159375 0.606250 0.143750 0.587500 0.129688 0.579688 0.110937 0.573438 0.104688 0.562500 0.104688 0.557813 0.110937 0.554688 0.150000 0.526563 0.176563
0 0.432663 0.233811 0.479687 0.223438 0.504687 0.226562 0.517188 0.214062 0.518750 0.203125 0.495312 0.179688 0.490625 0.132812 0.560937 0.078125 0.596875 0.015625 0.581250 0.000000 0.553125 0.003125 0.537500 0.025000 0.525000 0.015625 0.521875 0.000000 0.543750 0.000000 0.539062 0.000000 0.567187 0.000000 0.562500 0.000000 0.550000 0.000000 0.550000 0.000000 0.543750 0.000000 0.535937 0.000000 0.518750 0.000000 0.493750 0.000000 0.462500 0.000000 0.414062 0.000000 0.454688 0.178125 0.432663 0.233811
0 0.226562 0.000000 0.217188 0.000000 0.225000 0.000000 0.264062 0.000000 0.267188 0.010937 0.253125 0.023438 0.270313 0.046875 0.268750 0.075000 0.300000 0.106250 0.307812 0.134375 0.320312 0.151562 0.315625 0.170313 0.287500 0.196875 0.245312 0.162500 0.209375 0.168750 0.200000 0.181250 0.204687 0.217188 0.210938 0.223438 0.246875 0.228125 0.276562 0.214062 0.303125 0.223438 0.328125 0.223438 0.385937 0.217188 0.420312 0.206250 0.415625 0.203125 0.414062 0.034375 0.425000 0.004687 0.409375 0.000000 0.381250 0.000000 0.373437 0.000000 0.387500 0.000000 0.378125 0.000000 0.360938 0.000000 0.334375 0.000000 0.325000 0.000000 0.340625 0.000000 0.329688 0.000000 0.303125 0.000000 0.296875 0.000000 0.285938 0.000000 0.250000 0.000000 0.256250 0.000000 0.243750 0.000000 0.237500 0.000000 0.215625 0.000000 0.187500 0.000000 0.195312 0.000000 0.226562 0.000000
0 0.000000 0.173437 0.025000 0.193750 0.036398 0.233811 0.133850 0.230289 0.034050 0.178041 0.106250 0.000000 0.103125 0.000000 0.089063 0.000000 0.092188 0.000000 0.073438 0.000000 0.057813 0.000000 0.039062 0.000000 0.043750 0.000000 0.000000 0.000000 0.000000 0.173437
0 0.075000 0.128125 0.076563 0.140625 0.120347 0.223244 0.109375 0.153125 0.125000 0.148438 0.135937 0.160938 0.170313 0.121875 0.137500 0.117188 0.145313 0.073438 0.160938 0.057813 0.164062 0.026562 0.175000 0.000000 0.175000 0.000000 0.160938 0.000000 0.145313 0.000000 0.137500 0.000000 0.126562 0.000000 0.121875 0.001563 0.109375 0.020313 0.107813 0.059375 0.085938 0.085938 0.096875 0.106250 0.075000 0.128125
0 0.146875 0.231250 0.164062 0.221875 0.171875 0.193750 0.162500 0.185938 0.135937 0.185938 0.123438 0.204687 0.121875 0.226562 0.146875 0.231250
0 0.978125 0.246875 1.000000 0.242188 1.000000 0.248438 1.000000 0.240625 1.000000 0.212500 1.000000 0.201563 0.995313 0.206250 0.960938 0.201563 0.937500 0.220312 0.942187 0.235937 0.978125 0.246875
0 0.600000 0.242188 0.620313 0.243750 0.665625 0.229687 0.657813 0.190625 0.643750 0.193750 0.635938 0.204687 0.614062 0.207813 0.587500 0.190625 0.578125 0.190625 0.564063 0.207813 0.560937 0.225000 0.600000 0.242188
0 0.160938 0.225000 0.200000 0.221875 0.193750 0.196875 0.168750 0.193750 0.173437 0.203125 0.160938 0.225000
