0 0.587500 0.000000 0.604688 0.000000 0.617188 0.000000 0.606250 0.006250 0.607812 0.021875 0.635938 0.043750 0.656250 0.103125 0.653125 0.118750 0.639062 0.125000 0.620313 0.123438 0.610938 0.134375 0.626563 0.178125 0.626563 0.193750 0.618750 0.204687 0.625000 0.209375 0.626563 0.223438 0.635938 0.225000 0.645312 0.239063 0.693750 0.232813 0.770312 0.243750 0.787500 0.243750 0.818750 0.229687 0.817187 0.204687 0.804688 0.176563 0.785937 0.160938 0.767188 0.156250 0.718750 0.114062 0.712500 0.098437 0.715625 0.081250 0.701562 0.073438 0.693750 0.059375 0.695312 0.042188 0.721875 0.004687 0.725000 0.000000 0.728125 0.000000 0.718750 0.000000 0.681250 0.000000 0.676562 0.000000 0.659375 0.000000 0.645312 0.000000 0.640625 0.000000 0.626563 0.000000 0.603125 0.000000 0.584375 0.000000 0.581250 0.000000 0.587500 0.000000
0 0.779687 0.009375 0.778125 0.037500 0.785937 0.051562 0.815625 0.068750 0.820312 0.095312 0.820312 0.146355 0.803125 0.179688 0.810937 0.221875 0.845313 0.243750 0.917188 0.237500 0.929688 0.223438 0.920312 0.195312 0.928125 0.104688 0.831250 0.000000 0.820312 0.000000 0.789062 0.000000 0.775000 0.000000 0.770312 0.000000 0.779687 0.009375
0 0.940625 0.228125 0.965625 0.228125 1.000000 0.187500 0.995313 0.175000 0.964063 0.179688 0.940625 0.168750 0.929688 0.151562 0.923438 0.160938 0.923438 0.204687 0.940625 0.228125
0 0.492188 0.043750 0.500000 0.060937 0.489063 0.068750 0.493750 0.079687 0.515625 0.098437 0.532813 0.103125 0.545312 0.098437 0.551562 0.087500 0.540625 0.065625 0.545312 0.007812 0.467187 0.003125 0.471875 0.026562 0.492188 0.043750
0 0.501563 0.181250 0.528125 0.175000 0.534375 0.157812 0.529687 0.093750 0.517188 0.092188 0.485938 0.123438 0.484375 0.173437 0.501563 0.181250
0 0.415625 0.104688 0.439063 0.139063 0.442188 0.178125 0.446875 0.185938 0.462500 0.185938 0.470313 0.181250 0.471875 0.159375 0.465625 0.132812 0.465625 0.073438 0.453125 0.056250 0.435937 0.054688 0.420312 0.042188 0.404687 0.051562 0.401562 0.059375 0.415625 0.104688
0 0.359375 0.168750 0.381250 0.164062 0.393750 0.140625 0.404687 0.137500 0.381250 0.082812 0.371875 0.087500 0.357812 0.114062 0.342187 0.128125 0.342187 0.139063 0.359375 0.168750
0 0.382812 0.220312 0.412500 0.223438 0.445312 0.210938 0.440625 0.171875 0.410938 0.140625 0.395313 0.137500 0.381250 0.162500 0.376563 0.212500 0.382812 0.220312
0 0.415625 0.104688 0.440625 0.148438 0.440625 0.193750 0.453125 0.207813 0.470313 0.204687 0.478125 0.151562 0.464062 0.123438 0.464062 0.070312 0.450000 0.056250 0.420312 0.043750 0.406250 0.051562 0.403125 0.064062 0.415625 0.104688
0 0.475000 0.198437 0.473438 0.210938 0.484375 0.226562 0.510938 0.225000 0.512500 0.193750 0.475000 0.184375 0.462500 0.193750 0.475000 0.198437
0 0.534375 0.234375 0.537500 0.214062 0.528125 0.206250 0.517188 0.209375 0.518750 0.229687 0.534375 0.234375
0 0.545312 0.218750 0.551562 0.215625 0.556250 0.200000 0.535937 0.195312 0.532813 0.207813 0.545312 0.218750
0 0.568750 0.218750 0.579688 0.221875 0.585938 0.217188 0.585938 0.204687 0.578125 0.196875 0.564063 0.200000 0.562500 0.210938 0.568750 0.218750
0 0.589063 0.201563 0.606250 0.201563 0.620313 0.193750 0.621875 0.181250 0.615625 0.173437 0.601562 0.168750 0.584375 0.171875 0.582812 0.193750 0.589063 0.201563
0 0.560937 0.196875 0.576562 0.193750 0.576562 0.170313 0.559375 0.167187 0.553125 0.175000 0.551562 0.182812 0.560937 0.196875
0 0.479687 0.032813 0.484375 0.140625 0.487500 0.145313 0.514062 0.140625 0.517188 0.170313 0.503125 0.173437 0.501563 0.181250 0.521875 0.182812 0.543750 0.175000 0.568750 0.159375 0.579688 0.139063 0.568750 0.095312 0.578125 0.081250 0.579688 0.062500 0.554688 0.062500 0.540625 0.054688 0.543750 0.007812 0.485938 0.010937 0.467187 0.003125 0.468750 0.020313 0.479687 0.032813
0 0.282813 0.207813 0.310937 0.231250 0.332813 0.229687 0.346875 0.212500 0.346875 0.181250 0.331250 0.151562 0.300000 0.128125 0.307812 0.100000 0.303125 0.082812 0.295312 0.076563 0.275000 0.079687 0.273438 0.128125 0.282813 0.207813
0 0.193750 0.221875 0.242322 0.200383 0.264839 0.213248 0.279492 0.200025 0.276562 0.164062 0.245312 0.132812 0.204687 0.157812 0.207297 0.179295 0.179688 0.187500 0.181250 0.210938 0.193750 0.221875
0 0.196875 0.064062 0.170313 0.085938 0.184375 0.125000 0.268750 0.070312 0.265625 0.062500 0.246875 0.059375 0.243750 0.032813 0.270313 0.000000 0.270313 0.000000 0.260937 0.000000 0.248438 0.000000 0.190625 0.006250 0.185938 0.042188 0.196875 0.064062
0 0.106250 0.201563 0.164062 0.223438 0.171875 0.210938 0.168750 0.178125 0.187500 0.150000 0.187500 0.128125 0.171875 0.129688 0.140625 0.114062 0.123438 0.093750 0.101562 0.104688 0.085938 0.078125 0.079687 0.073438 0.070312 0.078125 0.073438 0.135937 0.106250 0.201563
0 0.000000 0.187500 0.032813 0.178125 0.048438 0.159375 0.040625 0.140625 0.010937 0.129688 0.000000 0.131250 0.000000 0.187500
0 0.028125 0.273438 0.040625 0.271875 0.048438 0.260937 0.048438 0.251563 0.035937 0.239063 0.028125 0.237500 0.014063 0.248438 0.012500 0.259375 0.028125 0.273438
0 0.059375 0.223438 0.079687 0.225000 0.107813 0.206250 0.070312 0.145313 0.062500 0.145313 0.042188 0.181250 0.043750 0.210938 0.059375 0.223438
0 0.000000 0.192188 0.031250 0.181250 0.050000 0.157812 0.043750 0.142187 0.032619 0.117987 0.007812 0.129688 0.000000 0.131250 0.000000 0.192188
