0 0.085938 0.571875 0.062500 0.601562 0.053125 0.601562 0.045312 0.620313 0.051562 0.646875 0.068750 0.665625 0.073438 0.684375 0.051562 0.692187 0.046875 0.703125 0.062500 0.720313 0.098437 0.740625 0.098437 0.814063 0.084375 0.821875 0.059375 0.857812 0.059375 0.873437 0.070312 0.875000 0.120313 0.848437 0.162500 0.834375 0.184375 0.801562 0.220312 0.787500 0.221875 0.776563 0.210938 0.762500 0.259375 0.610938 0.278125 0.595313 0.310937 0.532813 0.296875 0.496875 0.270313 0.500000 0.253125 0.489063 0.234375 0.517188 0.204687 0.542188 0.200000 0.557813 0.184375 0.553125 0.175000 0.537500 0.185938 0.495312 0.167187 0.464062 0.153125 0.459375 0.090625 0.471875 0.070312 0.495312 0.059375 0.534375 0.059375 0.543750 0.085938 0.571875
0 0.000000 0.809375 0.000000 0.837500 0.000000 0.851562 0.015625 0.868750 0.020313 0.895312 0.020313 0.946355 0.003125 0.979688 0.010937 1.000000 0.045312 1.000000 0.117188 1.000000 0.129688 1.000000 0.120313 0.995313 0.128125 0.904687 0.031250 0.798437 0.020313 0.775000 0.000000 0.762500 0.000000 0.768750 0.000000 0.784375 0.000000 0.809375
0 0.140625 1.000000 0.165625 1.000000 0.200000 0.987500 0.195312 0.975000 0.164062 0.979688 0.140625 0.968750 0.129688 0.951562 0.123438 0.960938 0.123438 1.000000 0.140625 1.000000
0 0.356250 0.779687 0.356250 0.803125 0.360938 0.809375 0.378125 0.806250 0.392188 0.820312 0.396875 0.831250 0.392188 0.850000 0.403125 0.854688 0.410938 0.846875 0.409375 0.821875 0.440625 0.823438 0.429688 0.782813 0.432812 0.770313 0.496875 0.731250 0.495312 0.707812 0.504687 0.682813 0.479687 0.657813 0.454688 0.651563 0.446875 0.656250 0.439063 0.676562 0.423438 0.665625 0.412500 0.632812 0.379688 0.642188 0.373437 0.653125 0.375000 0.705469 0.356250 0.779687
0 0.323437 0.820312 0.320312 0.881250 0.348438 0.898438 0.376563 0.900000 0.376563 0.850000 0.348438 0.795313 0.351562 0.770313 0.329688 0.756250 0.320312 0.756250 0.317188 0.764062 0.317188 0.803125 0.323437 0.820312
0 0.365625 0.956250 0.359375 0.981250 0.360938 1.000000 0.375000 1.000000 0.429688 1.000000 0.518750 1.000000 0.531250 1.000000 0.521875 0.993750 0.509375 0.982812 0.507812 0.967187 0.492188 0.954688 0.460938 0.945312 0.453125 0.926562 0.428125 0.920312 0.406250 0.904687 0.353125 0.900000 0.345313 0.906250 0.346875 0.943750 0.365625 0.956250
0 0.190625 1.000000 0.195312 1.000000 0.245312 1.000000 0.329688 1.000000 0.362500 1.000000 0.389062 1.000000 0.373437 1.000000 0.368750 1.000000 0.375000 0.990625 0.387500 0.993750 0.385937 0.981250 0.371875 0.982812 0.328125 0.951562 0.304688 0.946875 0.287500 0.951562 0.260937 0.940625 0.246875 0.960938 0.223438 0.959375 0.195312 0.975000 0.200000 0.978125 0.190625 1.000000
0 0.956250 0.851562 0.989062 0.892188 0.990625 0.903125 0.970313 0.917188 0.962500 0.907813 0.928125 0.915625 0.928125 0.928125 0.960938 0.948438 1.000000 0.942187 1.000000 0.929688 1.000000 0.909375 1.000000 0.889062 1.000000 0.829688 1.000000 0.820312 0.992188 0.828125 0.985938 0.818750 0.953125 0.803125 0.945312 0.804688 0.960938 0.834375 0.956250 0.851562
0 0.742969 0.772656 0.742188 0.796875 0.728125 0.801562 0.725000 0.809375 0.757812 0.857812 0.759375 0.895312 0.773438 0.921875 0.770312 0.942187 0.778125 0.951562 0.795312 0.951562 0.787500 0.942187 0.795312 0.939063 0.776563 0.925000 0.775000 0.915625 0.778125 0.909375 0.793750 0.909375 0.801562 0.892188 0.810937 0.887500 0.800000 0.823438 0.804688 0.814063 0.823438 0.803125 0.821875 0.765625 0.812500 0.748437 0.821875 0.707812 0.795312 0.696875 0.789062 0.659375 0.760938 0.656250 0.756250 0.660937 0.750000 0.690625 0.754687 0.725000 0.737500 0.735938 0.732812 0.748437 0.734375 0.762500 0.742969 0.772656
0 0.543750 0.889062 0.554688 0.932813 0.589063 0.920312 0.606250 0.898438 0.614062 0.842187 0.628125 0.803125 0.626563 0.787500 0.620313 0.784375 0.614062 0.795313 0.570312 0.814063 0.556250 0.837500 0.560937 0.854688 0.543750 0.889062
0 0.537500 1.000000 0.546875 1.000000 0.550000 0.993750 0.575000 0.996875 0.589063 1.000000 0.606250 1.000000 0.612500 1.000000 0.631250 1.000000 0.628125 0.987500 0.620313 0.970313 0.600000 0.956250 0.582812 0.926562 0.528125 0.951562 0.526563 0.959375 0.526563 0.992188 0.537500 1.000000
0 0.712500 0.942187 0.723437 0.929688 0.728125 0.879687 0.720313 0.876563 0.712500 0.887500 0.696875 0.887500 0.690625 0.879687 0.675000 0.876563 0.679688 0.900000 0.712500 0.942187
0 0.893750 0.989062 0.893750 1.000000 0.928125 1.000000 0.962500 1.000000 0.964063 0.990625 0.970313 0.975000 0.965625 0.959375 0.945312 0.951562 0.882812 0.957812 0.881250 0.973437 0.893750 0.989062
0 0.796875 0.971875 0.787500 0.993750 0.834375 1.000000 0.854688 1.000000 0.870313 1.000000 0.875000 0.990625 0.865625 0.907813 0.850000 0.903125 0.845313 0.909375 0.809375 0.914062 0.795312 0.904687 0.775000 0.903125 0.770312 0.907813 0.768750 0.945312 0.796875 0.971875
