0 0.000000 0.009375 0.000000 0.037500 0.000000 0.051562 0.015625 0.068750 0.020313 0.095312 0.020313 0.146355 0.003125 0.179688 0.010937 0.221875 0.045312 0.243750 0.117188 0.237500 0.129688 0.223438 0.120313 0.195312 0.128125 0.104688 0.031250 0.000000 0.020313 0.000000 0.000000 0.000000 0.000000 0.000000 0.000000 0.000000 0.000000 0.009375
0 0.140625 0.228125 0.165625 0.228125 0.200000 0.187500 0.195312 0.175000 0.164062 0.179688 0.140625 0.168750 0.129688 0.151562 0.123438 0.160938 0.123438 0.204687 0.140625 0.228125
0 0.323437 0.020313 0.320312 0.081250 0.348438 0.098437 0.376563 0.100000 0.376563 0.050000 0.348438 0.000000 0.351562 0.000000 0.329688 0.000000 0.320312 0.000000 0.317188 0.000000 0.317188 0.003125 0.323437 0.020313
0 0.365625 0.156250 0.359375 0.181250 0.360938 0.209375 0.375000 0.226562 0.429688 0.242188 0.518750 0.235937 0.531250 0.223438 0.521875 0.193750 0.509375 0.182812 0.507812 0.167187 0.492188 0.154688 0.460938 0.145313 0.453125 0.126562 0.428125 0.120313 0.406250 0.104688 0.353125 0.100000 0.345313 0.106250 0.346875 0.143750 0.365625 0.156250
0 0.190625 0.203125 0.195312 0.210938 0.245312 0.234375 0.329688 0.235937 0.362500 0.245312 0.389062 0.231250 0.373437 0.217188 0.368750 0.200000 0.375000 0.190625 0.387500 0.193750 0.385937 0.181250 0.371875 0.182812 0.328125 0.151562 0.304688 0.146875 0.287500 0.151562 0.260937 0.140625 0.246875 0.160938 0.223438 0.159375 0.195312 0.175000 0.200000 0.178125 0.190625 0.203125
0 0.956250 0.051562 0.989062 0.092188 0.990625 0.103125 0.970313 0.117188 0.962500 0.107813 0.928125 0.115625 0.928125 0.128125 0.960938 0.148438 1.000000 0.142187 1.000000 0.129688 1.000000 0.109375 1.000000 0.089063 1.000000 0.029687 1.000000 0.020313 0.992188 0.028125 0.985938 0.018750 0.953125 0.003125 0.945312 0.004687 0.960938 0.034375 0.956250 0.051562
0 0.742969 0.000000 0.742188 0.000000 0.728125 0.001563 0.725000 0.009375 0.757812 0.057813 0.759375 0.095312 0.773438 0.121875 0.770312 0.142187 0.778125 0.151562 0.795312 0.151562 0.787500 0.142187 0.795312 0.139063 0.776563 0.125000 0.775000 0.115625 0.778125 0.109375 0.793750 0.109375 0.801562 0.092188 0.810937 0.087500 0.800000 0.023438 0.804688 0.014063 0.823438 0.003125 0.821875 0.000000 0.812500 0.000000 0.821875 0.000000 0.795312 0.000000 0.789062 0.000000 0.760938 0.000000 0.756250 0.000000 0.750000 0.000000 0.754687 0.000000 0.737500 0.000000 0.732812 0.000000 0.734375 0.000000 0.742969 0.000000
0 0.543750 0.089063 0.554688 0.132812 0.589063 0.120313 0.606250 0.098437 0.614062 0.042188 0.628125 0.003125 0.626563 0.000000 0.620313 0.000000 0.614062 0.000000 0.570312 0.014063 0.556250 0.037500 0.560937 0.054688 0.543750 0.089063
0 0.537500 0.207813 0.546875 0.204687 0.550000 0.193750 0.575000 0.196875 0.589063 0.228125 0.606250 0.245312 0.612500 0.245312 0.631250 0.223438 0.628125 0.187500 0.620313 0.170313 0.600000 0.156250 0.582812 0.126562 0.528125 0.151562 0.526563 0.159375 0.526563 0.192188 0.537500 0.207813
0 0.712500 0.142187 0.723437 0.129688 0.728125 0.079687 0.720313 0.076563 0.712500 0.087500 0.696875 0.087500 0.690625 0.079687 0.675000 0.076563 0.679688 0.100000 0.712500 0.142187
0 0.651563 0.210938 0.675000 0.226562 0.742188 0.217188 0.768750 0.239063 0.775000 0.232813 0.803125 0.229687 0.803125 0.217188 0.778125 0.198437 0.771875 0.201563 0.756250 0.182812 0.753125 0.151562 0.710938 0.160938 0.690625 0.193750 0.659375 0.192188 0.651563 0.200000 0.651563 0.210938
0 0.893750 0.189062 0.893750 0.239063 0.928125 0.239063 0.962500 0.228125 0.964063 0.190625 0.970313 0.175000 0.965625 0.159375 0.945312 0.151562 0.882812 0.157812 0.881250 0.173437 0.893750 0.189062
0 0.796875 0.171875 0.787500 0.193750 0.834375 0.231250 0.854688 0.229687 0.870313 0.218750 0.875000 0.190625 0.865625 0.107813 0.850000 0.103125 0.845313 0.109375 0.809375 0.114062 0.795312 0.104688 0.775000 0.103125 0.770312 0.107813 0.768750 0.145313 0.796875 0.171875
