0 0.004687 0.171875 0.028125 0.171875 0.037500 0.184375 0.057813 0.170313 0.070312 0.195312 0.087500 0.195312 0.095312 0.187500 0.093750 0.167187 0.098437 0.145313 0.110937 0.128125 0.112500 0.092188 0.103125 0.087500 0.079687 0.101562 0.067187 0.101562 0.057813 0.092188 0.067187 0.068750 0.085938 0.045312 0.071875 0.025000 0.085938 0.006250 0.081250 0.000000 0.090625 0.000000 0.090625 0.000000 0.070312 0.000000 0.062500 0.000000 0.037500 0.000000 0.000000 0.020313 0.000000 0.101562 0.000000 0.126562 0.004687 0.171875
0 0.185938 0.060937 0.179688 0.096875 0.184375 0.123438 0.178125 0.129688 0.190625 0.153125 0.198437 0.154688 0.196875 0.148438 0.210938 0.128125 0.231250 0.143750 0.228125 0.151562 0.250000 0.165625 0.264062 0.184375 0.278125 0.189062 0.300000 0.167187 0.310937 0.176563 0.317188 0.175000 0.321875 0.157812 0.304688 0.134375 0.296875 0.090625 0.314063 0.054688 0.329688 0.039062 0.340625 0.009375 0.362500 0.000000 0.362500 0.000000 0.314063 0.000000 0.326562 0.000000 0.300000 0.000000 0.307812 0.000000 0.293750 0.000000 0.285938 0.000000 0.278125 0.000000 0.256250 0.000000 0.246875 0.000000 0.229687 0.000000 0.225000 0.000000 0.210938 0.000000 0.201563 0.000000 0.210938 0.000000 0.218750 0.000000 0.235937 0.000000 0.240625 0.000000 0.237500 0.000000 0.225000 0.004687 0.215625 0.007812 0.195312 0.000000 0.178125 0.006250 0.176563 0.034375 0.185938 0.060937
0 0.343750 0.164062 0.354687 0.168750 0.354687 0.181250 0.362500 0.181250 0.398438 0.151562 0.404687 0.121875 0.390625 0.114062 0.404687 0.087500 0.410938 0.051562 0.428125 0.032813 0.437500 0.000000 0.418750 0.000000 0.401562 0.003125 0.389062 0.037500 0.360938 0.056250 0.340625 0.128125 0.343750 0.164062
0 0.135937 0.246875 0.148438 0.246875 0.160938 0.232813 0.164062 0.223438 0.154688 0.192188 0.164062 0.164062 0.145313 0.139063 0.134375 0.143750 0.126562 0.175000 0.129688 0.193750 0.103125 0.204687 0.101562 0.226562 0.135937 0.246875
0 0.170313 0.235937 0.178125 0.240625 0.245312 0.239063 0.250000 0.234375 0.229687 0.176563 0.212500 0.148438 0.209375 0.120313 0.187500 0.101562 0.168750 0.104688 0.173437 0.126562 0.170313 0.235937
0 0.337500 0.245312 0.351562 0.243750 0.357812 0.229687 0.351562 0.195312 0.325000 0.179688 0.317188 0.179688 0.309375 0.190625 0.309375 0.228125 0.337500 0.245312
0 0.556250 0.000000 0.546875 0.000000 0.535937 0.003125 0.543750 0.057813 0.576562 0.082812 0.603125 0.123438 0.614062 0.121875 0.634375 0.140625 0.651563 0.168750 0.678125 0.168750 0.695312 0.151562 0.689063 0.096875 0.678125 0.079687 0.646875 0.070312 0.635938 0.003125 0.623437 0.000000 0.600000 0.000000 0.570312 0.000000 0.557813 0.000000 0.543750 0.000000 0.545312 0.000000 0.556250 0.000000
0 0.453125 0.157812 0.473438 0.187500 0.473438 0.201563 0.462500 0.223438 0.465625 0.232813 0.470313 0.237500 0.521875 0.234375 0.532813 0.214062 0.532813 0.193750 0.515625 0.178125 0.520312 0.146875 0.510938 0.129688 0.503125 0.121875 0.492188 0.121875 0.478125 0.132812 0.448437 0.118750 0.445312 0.129688 0.453125 0.157812
0 0.550000 0.145313 0.550000 0.156250 0.573438 0.184375 0.576562 0.196875 0.553125 0.217188 0.550000 0.235937 0.559375 0.242188 0.615625 0.242188 0.626563 0.223438 0.621875 0.207813 0.604688 0.189062 0.604688 0.140625 0.581250 0.112500 0.565625 0.109375 0.560937 0.114062 0.560937 0.131250 0.550000 0.145313
0 0.646875 0.226562 0.701562 0.240625 0.728125 0.235937 0.735938 0.228125 0.706250 0.209375 0.690625 0.178125 0.643750 0.175000 0.639062 0.181250 0.639062 0.221875 0.646875 0.226562
0 0.376563 0.257812 0.442188 0.240625 0.440625 0.226562 0.460739 0.188219 0.378125 0.209375 0.360938 0.223438 0.359375 0.246875 0.376563 0.257812
0 0.000000 0.239063 0.100000 0.254688 0.150000 0.250000 0.162500 0.223438 0.139063 0.204687 0.114062 0.198437 0.098437 0.214062 0.082812 0.217188 0.035937 0.206250 0.029687 0.200000 0.028125 0.173437 0.010937 0.175000 0.000000 0.206250 0.000000 0.225000 0.000000 0.239063
0 0.270313 0.239063 0.290625 0.237500 0.300000 0.229687 0.296875 0.214062 0.276562 0.192188 0.270313 0.192188 0.257812 0.210938 0.256250 0.226562 0.270313 0.239063
