0 0.885938 0.571875 0.862500 0.601562 0.853125 0.601562 0.845313 0.620313 0.851562 0.646875 0.868750 0.665625 0.873437 0.684375 0.851562 0.692187 0.846875 0.703125 0.862500 0.720313 0.898438 0.740625 0.898438 0.814063 0.884375 0.821875 0.859375 0.857812 0.859375 0.873437 0.870313 0.875000 0.920312 0.848437 0.962500 0.834375 0.984375 0.801562 1.000000 0.787500 1.000000 0.776563 1.000000 0.762500 1.000000 0.610938 1.000000 0.595313 1.000000 0.532813 1.000000 0.496875 1.000000 0.500000 1.000000 0.489063 1.000000 0.517188 1.000000 0.542188 1.000000 0.557813 0.984375 0.553125 0.975000 0.537500 0.985938 0.495312 0.967187 0.464062 0.953125 0.459375 0.890625 0.471875 0.870313 0.495312 0.859375 0.534375 0.859375 0.543750 0.885938 0.571875
0 0.587500 0.756250 0.604688 0.771875 0.617188 0.795313 0.606250 0.806250 0.607812 0.821875 0.635938 0.843750 0.656250 0.903125 0.653125 0.918750 0.639062 0.925000 0.620313 0.923438 0.610938 0.934375 0.626563 0.978125 0.626563 0.993750 0.618750 1.000000 0.625000 1.000000 0.626563 1.000000 0.635938 1.000000 0.645312 1.000000 0.693750 1.000000 0.770312 1.000000 0.787500 1.000000 0.818750 1.000000 0.817187 1.000000 0.804688 0.976562 0.785937 0.960938 0.767188 0.956250 0.718750 0.914062 0.712500 0.898438 0.715625 0.881250 0.701562 0.873437 0.693750 0.859375 0.695312 0.842187 0.721875 0.804688 0.725000 0.789062 0.728125 0.739062 0.718750 0.714063 0.681250 0.709375 0.676562 0.731250 0.659375 0.742188 0.645312 0.731250 0.640625 0.690625 0.626563 0.685937 0.603125 0.693750 0.584375 0.729688 0.581250 0.740625 0.587500 0.756250
0 0.779687 0.809375 0.778125 0.837500 0.785937 0.851562 0.815625 0.868750 0.820312 0.895312 0.820312 0.946355 0.803125 0.979688 0.810937 1.000000 0.845313 1.000000 0.917188 1.000000 0.929688 1.000000 0.920312 0.995313 0.928125 0.904687 0.831250 0.798437 0.820312 0.775000 0.789062 0.762500 0.775000 0.768750 0.770312 0.784375 0.779687 0.809375
0 0.940625 1.000000 0.965625 1.000000 1.000000 0.987500 0.995313 0.975000 0.964063 0.979688 0.940625 0.968750 0.929688 0.951562 0.923438 0.960938 0.923438 1.000000 0.940625 1.000000
0 0.492188 0.843750 0.500000 0.860938 0.489063 0.868750 0.493750 0.879687 0.515625 0.898438 0.532813 0.903125 0.545312 0.898438 0.551562 0.887500 0.540625 0.865625 0.545312 0.807813 0.467187 0.803125 0.471875 0.826562 0.492188 0.843750
0 0.501563 0.981250 0.528125 0.975000 0.534375 0.957812 0.529687 0.893750 0.517188 0.892188 0.485938 0.923438 0.484375 0.973437 0.501563 0.981250
0 0.415625 0.904687 0.439063 0.939063 0.442188 0.978125 0.446875 0.985938 0.462500 0.985938 0.470313 0.981250 0.471875 0.959375 0.465625 0.932813 0.465625 0.873437 0.453125 0.856250 0.435937 0.854688 0.420312 0.842187 0.404687 0.851562 0.401562 0.859375 0.415625 0.904687
0 0.359375 0.968750 0.381250 0.964063 0.393750 0.940625 0.404687 0.937500 0.381250 0.882812 0.371875 0.887500 0.357812 0.914062 0.342187 0.928125 0.342187 0.939063 0.359375 0.968750
0 0.382812 1.000000 0.412500 1.000000 0.445312 1.000000 0.440625 0.971875 0.410938 0.940625 0.395313 0.937500 0.381250 0.962500 0.376563 1.000000 0.382812 1.000000
0 0.415625 0.904687 0.440625 0.948438 0.440625 0.993750 0.453125 1.000000 0.470313 1.000000 0.478125 0.951562 0.464062 0.923438 0.464062 0.870313 0.450000 0.856250 0.420312 0.843750 0.406250 0.851562 0.403125 0.864062 0.415625 0.904687
0 0.589063 1.000000 0.606250 1.000000 0.620313 0.993750 0.621875 0.981250 0.615625 0.973437 0.601562 0.968750 0.584375 0.971875 0.582812 0.993750 0.589063 1.000000
0 0.560937 0.996875 0.576562 0.993750 0.576562 0.970313 0.559375 0.967187 0.553125 0.975000 0.551562 0.982812 0.560937 0.996875
0 0.479687 0.832812 0.484375 0.940625 0.487500 0.945312 0.514062 0.940625 0.517188 0.970313 0.503125 0.973437 0.501563 0.981250 0.521875 0.982812 0.543750 0.975000 0.568750 0.959375 0.579688 0.939063 0.568750 0.895312 0.578125 0.881250 0.579688 0.862500 0.554688 0.862500 0.540625 0.854688 0.543750 0.807813 0.485938 0.810937 0.467187 0.803125 0.468750 0.820312 0.479687 0.832812
0 0.282813 1.000000 0.310937 1.000000 0.332813 1.000000 0.346875 1.000000 0.346875 0.981250 0.331250 0.951562 0.300000 0.928125 0.307812 0.900000 0.303125 0.882812 0.295312 0.876563 0.275000 0.879687 0.273438 0.928125 0.282813 1.000000
0 0.193750 1.000000 0.242322 1.000000 0.264839 1.000000 0.279492 1.000000 0.276562 0.964063 0.245312 0.932813 0.204687 0.957812 0.207297 0.979295 0.179688 0.987500 0.181250 1.000000 0.193750 1.000000
0 0.078125 0.732812 0.067187 0.750000 0.067187 0.760938 0.120313 0.887500 0.137500 0.901563 0.150000 0.903125 0.157812 0.898438 0.165625 0.839583 0.193750 0.743750 0.203125 0.732812 0.198437 0.667188 0.185938 0.665625 0.164062 0.685937 0.137500 0.664062 0.126562 0.665625 0.104688 0.653125 0.092188 0.653125 0.062500 0.707812 0.062500 0.718750 0.078125 0.732812
0 0.196875 0.864062 0.170313 0.885938 0.184375 0.925000 0.268750 0.870313 0.265625 0.862500 0.246875 0.859375 0.243750 0.832812 0.270313 0.787500 0.270313 0.762500 0.260937 0.757812 0.248438 0.762500 0.190625 0.806250 0.185938 0.842187 0.196875 0.864062
0 0.106250 1.000000 0.164062 1.000000 0.171875 1.000000 0.168750 0.978125 0.187500 0.950000 0.187500 0.928125 0.171875 0.929688 0.140625 0.914062 0.123438 0.893750 0.101562 0.904687 0.085938 0.878125 0.079687 0.873437 0.070312 0.878125 0.073438 0.935937 0.106250 1.000000
0 0.000000 0.987500 0.032813 0.978125 0.048438 0.959375 0.040625 0.940625 0.010937 0.929688 0.000000 0.931250 0.000000 0.987500
0 0.059375 1.000000 0.079687 1.000000 0.107813 1.000000 0.070312 0.945312 0.062500 0.945312 0.042188 0.981250 0.043750 1.000000 0.059375 1.000000
0 0.000000 0.992188 0.031250 0.981250 0.050000 0.957812 0.043750 0.942187 0.032619 0.917987 0.007812 0.929688 0.000000 0.931250 0.000000 0.992188
