0 0.218750 0.601562 0.232813 0.625000 0.228125 0.648438 0.264062 0.671875 0.253125 0.698438 0.282813 0.795313 0.320312 0.818750 0.328125 0.829688 0.334375 0.843750 0.326562 0.871875 0.334375 0.898438 0.348438 0.896875 0.370312 0.910937 0.379688 0.907813 0.403125 0.885938 0.387500 0.868750 0.396875 0.832812 0.375000 0.796875 0.387500 0.792188 0.400000 0.771875 0.418750 0.757812 0.445312 0.750000 0.462500 0.725000 0.487500 0.709375 0.500000 0.684375 0.482812 0.668750 0.490625 0.634375 0.470313 0.607812 0.471875 0.601562 0.460938 0.601562 0.454688 0.623437 0.435937 0.634375 0.396875 0.621875 0.395313 0.610938 0.376563 0.595313 0.364063 0.568750 0.379688 0.496875 0.368750 0.493750 0.350000 0.509375 0.325000 0.496875 0.312500 0.473438 0.298438 0.476562 0.271875 0.506250 0.271875 0.515625 0.292187 0.534375 0.285938 0.584375 0.262500 0.587500 0.228125 0.554688 0.220312 0.553125 0.215625 0.562500 0.212500 0.573438 0.218750 0.601562
0 0.156250 0.851562 0.189062 0.892188 0.190625 0.903125 0.170313 0.917188 0.162500 0.907813 0.128125 0.915625 0.128125 0.928125 0.160938 0.948438 0.201563 0.942187 0.220312 0.929688 0.229687 0.909375 0.226562 0.889062 0.235937 0.829688 0.220312 0.820312 0.192188 0.828125 0.185938 0.818750 0.153125 0.803125 0.145313 0.804688 0.160938 0.834375 0.156250 0.851562
0 0.093750 0.989062 0.093750 1.000000 0.128125 1.000000 0.162500 1.000000 0.164062 0.990625 0.170313 0.975000 0.165625 0.959375 0.145313 0.951562 0.082812 0.957812 0.081250 0.973437 0.093750 0.989062
0 0.554688 0.798437 0.535937 0.812500 0.535937 0.820312 0.560937 0.839063 0.551562 0.856250 0.559375 0.876563 0.550000 0.903125 0.556250 0.923438 0.575000 0.921875 0.587500 0.909375 0.604688 0.854688 0.626563 0.825000 0.628125 0.732812 0.623437 0.725000 0.628125 0.696875 0.618750 0.692187 0.612500 0.701562 0.596875 0.682813 0.578125 0.684375 0.573438 0.690625 0.576562 0.703125 0.554688 0.798437
0 0.678125 0.920312 0.706250 0.893750 0.698438 0.868750 0.728125 0.815625 0.717187 0.806250 0.704688 0.817187 0.692187 0.817187 0.681250 0.795313 0.653125 0.804688 0.660937 0.904687 0.678125 0.920312
0 0.704688 0.964063 0.712500 0.964063 0.725000 0.951562 0.723437 0.934375 0.703125 0.900000 0.685937 0.909375 0.676562 0.929688 0.675000 0.945312 0.704688 0.964063
0 0.778125 0.703125 0.798438 0.717187 0.798438 0.648438 0.787500 0.653125 0.779687 0.667188 0.775000 0.684375 0.778125 0.703125
0 0.798438 0.634375 0.798438 0.595313 0.778125 0.604688 0.773438 0.618750 0.798438 0.634375
0 0.771875 0.926562 0.768750 0.982812 0.798438 0.995313 0.798438 0.876563 0.778125 0.879687 0.750000 0.898438 0.748437 0.909375 0.771875 0.926562
0 0.306250 0.931250 0.395313 0.998437 0.409375 0.978125 0.429688 0.964063 0.446875 0.970313 0.462500 0.967187 0.500000 0.900000 0.498437 0.884375 0.484375 0.875000 0.465625 0.884375 0.465625 0.904687 0.457813 0.915625 0.429688 0.925000 0.395313 0.926562 0.356250 0.918750 0.345313 0.898438 0.318750 0.907813 0.303125 0.881250 0.290625 0.881250 0.293750 0.915625 0.306250 0.931250
0 0.431250 1.000000 0.445312 1.000000 0.475000 1.000000 0.560937 1.000000 0.621875 1.000000 0.656250 1.000000 0.676562 1.000000 0.712500 1.000000 0.743750 1.000000 0.798438 1.000000 0.798438 0.878125 0.781250 0.879687 0.750000 0.898438 0.753125 0.910937 0.728125 0.935937 0.718750 0.928125 0.704688 0.885938 0.692187 0.882812 0.692187 0.873437 0.703125 0.862500 0.725000 0.814063 0.720313 0.807813 0.704688 0.815625 0.690625 0.814063 0.687500 0.801562 0.675000 0.796875 0.654687 0.803125 0.651563 0.815625 0.660937 0.864062 0.667188 0.870313 0.662500 0.887500 0.682813 0.907813 0.671875 0.931250 0.634375 0.934375 0.601562 0.948438 0.578125 0.929688 0.560937 0.929688 0.553125 0.940625 0.518750 0.950000 0.493750 0.985938 0.484375 0.987500 0.478125 0.973437 0.456250 0.984375 0.434375 0.981250 0.417187 0.996875 0.406250 0.998437 0.407813 1.000000 0.431250 1.000000
0 0.167187 1.000000 0.178125 1.000000 0.329688 1.000000 0.373437 1.000000 0.396875 1.000000 0.375000 0.976562 0.337500 0.971875 0.328125 0.962500 0.276562 0.959375 0.259375 0.970313 0.185938 0.956250 0.171875 0.968750 0.165625 0.992188 0.167187 1.000000
0 0.000000 0.971875 0.000000 0.993750 0.034375 1.000000 0.054688 1.000000 0.070312 1.000000 0.075000 0.990625 0.065625 0.907813 0.050000 0.903125 0.045312 0.909375 0.009375 0.914062 0.000000 0.904687 0.000000 0.903125 0.000000 0.907813 0.000000 0.945312 0.000000 0.971875
