0 0.106250 0.109375 0.134375 0.059375 0.179688 0.025000 0.201563 0.000000 0.195312 0.000000 0.173437 0.000000 0.178125 0.000000 0.165625 0.000000 0.128125 0.010937 0.081250 0.082812 0.082812 0.106250 0.106250 0.109375
0 0.015625 0.171875 0.028125 0.175000 0.054688 0.157812 0.054688 0.131250 0.045312 0.112500 0.020313 0.112500 0.007812 0.125000 0.007812 0.156250 0.015625 0.171875
0 0.045312 0.100000 0.051562 0.075000 0.043750 0.068750 0.028125 0.079687 0.026562 0.092188 0.045312 0.100000
0 0.030915 0.739062 0.031250 0.729688 0.035937 0.725000 0.062500 0.726562 0.078125 0.718750 0.079687 0.690625 0.068750 0.681250 0.040625 0.685937 0.018750 0.664062 0.000000 0.687500 0.000000 0.721875 0.000000 0.715625 0.000000 0.739062 0.030915 0.739062
0 0.095312 0.557813 0.118750 0.540625 0.154688 0.528125 0.185938 0.545312 0.200000 0.545312 0.218750 0.528125 0.245312 0.532813 0.264062 0.518750 0.262500 0.496875 0.251563 0.484375 0.207813 0.460938 0.154688 0.445312 0.156250 0.428125 0.143750 0.414062 0.121875 0.417187 0.082812 0.470313 0.051562 0.481250 0.010937 0.506250 0.076563 0.559375 0.095312 0.557813
0 0.089063 0.340625 0.112500 0.364063 0.131250 0.359375 0.134375 0.321875 0.129688 0.278125 0.123438 0.270313 0.109375 0.270313 0.082812 0.285938 0.051562 0.287500 0.021875 0.318750 0.025000 0.331250 0.089063 0.340625
0 0.045312 0.271875 0.104688 0.260937 0.123438 0.246875 0.120313 0.229687 0.104688 0.214062 0.082812 0.217188 0.079687 0.223438 0.046875 0.217188 0.029687 0.246875 0.028125 0.259375 0.045312 0.271875
0 0.003125 0.300000 0.018750 0.289062 0.023438 0.275000 0.000000 0.279687 0.000000 0.293750 0.003125 0.300000
0 0.210938 0.121875 0.225000 0.117188 0.281250 0.123438 0.296875 0.117188 0.303125 0.106250 0.301563 0.092188 0.290625 0.085938 0.231250 0.084375 0.203125 0.076563 0.184375 0.087500 0.173437 0.098437 0.210938 0.121875
0 0.171875 0.085938 0.212500 0.068750 0.215625 0.051562 0.178125 0.037500 0.120313 0.075000 0.118750 0.089063 0.171875 0.085938
0 0.360938 0.104688 0.396875 0.104688 0.396875 0.092188 0.387500 0.081250 0.354687 0.087500 0.353125 0.098437 0.360938 0.104688
0 0.420312 0.089063 0.429688 0.076563 0.429688 0.056250 0.420312 0.050000 0.409375 0.060937 0.409375 0.085938 0.420312 0.089063
0 0.345313 0.073438 0.353125 0.065625 0.345313 0.051562 0.326562 0.057813 0.328125 0.071875 0.345313 0.073438
0 0.155114 0.739062 0.164062 0.725000 0.156250 0.710938 0.096875 0.721875 0.087500 0.728125 0.089063 0.732812 0.101562 0.739062 0.155114 0.739062
0 0.307812 0.715625 0.323437 0.712500 0.331250 0.703125 0.332813 0.689063 0.318750 0.676562 0.295312 0.685937 0.295312 0.704688 0.307812 0.715625
0 0.561830 0.739062 0.567187 0.729688 0.564063 0.714063 0.554688 0.706250 0.535937 0.714063 0.532813 0.734375 0.538281 0.739062 0.561830 0.739062
0 0.745313 0.715625 0.757812 0.714063 0.768750 0.701562 0.765625 0.684375 0.756250 0.678125 0.746875 0.678125 0.732812 0.689063 0.731250 0.701562 0.745313 0.715625
0 0.750000 0.506250 0.748437 0.482812 0.737500 0.481250 0.728125 0.489063 0.734375 0.509375 0.750000 0.506250
0 0.607812 0.362500 0.621875 0.362500 0.629687 0.354687 0.623437 0.332813 0.606250 0.332813 0.600000 0.339062 0.600000 0.351562 0.607812 0.362500
0 0.407813 0.465625 0.420312 0.475000 0.434375 0.470313 0.439063 0.460938 0.431250 0.445312 0.421875 0.437500 0.410938 0.439063 0.404687 0.448437 0.407813 0.465625
0 0.528125 0.262500 0.540625 0.262500 0.548438 0.253125 0.543750 0.234375 0.532813 0.232813 0.520312 0.242188 0.518750 0.253125 0.528125 0.262500
0 0.756250 0.045312 0.767188 0.023438 0.762500 0.015625 0.753125 0.015625 0.739062 0.028125 0.739062 0.039062 0.756250 0.045312
