0 0.115625 0.779687 0.135937 0.770313 0.195312 0.775000 0.221875 0.768750 0.242188 0.771875 0.251563 0.779687 0.287500 0.770313 0.318750 0.776563 0.350000 0.825000 0.345313 0.851562 0.339062 0.856250 0.360938 0.867188 0.375000 0.867188 0.381250 0.875000 0.371875 0.881250 0.378125 0.889062 0.387500 0.889062 0.406250 0.915625 0.403125 0.873437 0.381250 0.792188 0.304688 0.660937 0.278125 0.667188 0.275000 0.700000 0.267188 0.715625 0.237500 0.723437 0.196875 0.718750 0.179688 0.700000 0.175000 0.667188 0.170313 0.662500 0.154688 0.664062 0.148438 0.667188 0.129688 0.709375 0.095312 0.745313 0.095312 0.756250 0.115625 0.779687
0 0.068750 0.818750 0.084375 0.850000 0.103125 0.860938 0.110937 0.892188 0.120313 0.892188 0.125000 0.904687 0.182812 0.926562 0.185938 0.945312 0.189062 0.940625 0.195312 0.945312 0.200000 0.928125 0.234375 0.918750 0.256250 0.940625 0.267188 0.964063 0.260937 0.990625 0.303125 0.992188 0.307812 0.987500 0.306250 0.968750 0.279687 0.931250 0.271875 0.898438 0.257812 0.896875 0.221875 0.876563 0.207813 0.881250 0.179688 0.876563 0.123438 0.839063 0.100000 0.790625 0.073438 0.792188 0.067187 0.798437 0.068750 0.818750
0 0.376563 0.506250 0.385937 0.507812 0.398438 0.496875 0.398438 0.484375 0.387500 0.473438 0.370312 0.487500 0.368750 0.500000 0.376563 0.506250
0 0.360938 0.551562 0.368750 0.559375 0.378125 0.557813 0.378125 0.512500 0.360938 0.507812 0.351562 0.514062 0.350000 0.529687 0.360938 0.551562
0 0.285938 0.487500 0.323437 0.482812 0.326562 0.462500 0.310937 0.440625 0.287500 0.437500 0.279687 0.446875 0.279687 0.475000 0.285938 0.487500
0 0.490625 0.525000 0.521875 0.621875 0.546875 0.656250 0.587500 0.743750 0.601562 0.754687 0.625000 0.757812 0.631250 0.750000 0.631250 0.734375 0.601562 0.685937 0.600000 0.667188 0.617188 0.618750 0.628125 0.607812 0.585938 0.609375 0.550000 0.568750 0.537500 0.537500 0.550000 0.487500 0.525000 0.453125 0.510938 0.450000 0.485938 0.456250 0.475000 0.451562 0.465625 0.457813 0.448437 0.485938 0.490625 0.525000
0 0.604688 0.471875 0.621875 0.512500 0.623437 0.534375 0.603125 0.614062 0.592187 0.618750 0.592187 0.632812 0.596875 0.634375 0.598437 0.629687 0.614062 0.632812 0.631250 0.620313 0.681250 0.498437 0.714063 0.475000 0.723437 0.432812 0.710938 0.406250 0.698438 0.406250 0.692187 0.418750 0.700000 0.432812 0.687500 0.448437 0.682813 0.468750 0.668750 0.479687 0.660937 0.496875 0.645312 0.500000 0.640625 0.495312 0.637500 0.446875 0.629687 0.446875 0.617188 0.426563 0.620313 0.423438 0.606250 0.410938 0.585938 0.417187 0.582812 0.453125 0.604688 0.471875
0 0.628125 0.726562 0.670312 0.721875 0.681250 0.714063 0.682813 0.689063 0.675000 0.689063 0.644531 0.712500 0.610938 0.712500 0.607812 0.717187 0.628125 0.726562
0 0.695312 0.706250 0.700000 0.687500 0.693750 0.685937 0.684375 0.695312 0.678125 0.715625 0.695312 0.706250
0 0.695312 0.623437 0.700000 0.595313 0.695312 0.590625 0.689063 0.593750 0.687500 0.614062 0.695312 0.623437
0 0.696875 0.682813 0.781250 0.606250 0.759375 0.595313 0.751563 0.581250 0.737500 0.579688 0.731250 0.584375 0.726562 0.609375 0.709375 0.623437 0.706250 0.635938 0.689063 0.642188 0.685937 0.650000 0.696875 0.682813
0 0.759375 0.806250 0.759375 0.826562 0.746875 0.845313 0.742188 0.885938 0.731250 0.904687 0.732812 0.923438 0.745313 0.929688 0.775000 0.901563 0.789062 0.856250 0.806250 0.826562 0.806250 0.812500 0.798438 0.806250 0.787500 0.762500 0.756250 0.750000 0.739062 0.760938 0.740625 0.775000 0.759375 0.806250
0 0.745313 0.989062 0.750000 0.968750 0.743750 0.939063 0.737500 0.937500 0.728125 0.948438 0.726562 0.967187 0.745313 0.989062
0 0.818359 0.855859 0.793750 0.998437 0.771875 1.000000 0.778125 1.000000 0.803125 1.000000 0.807813 1.000000 0.823438 1.000000 0.843750 1.000000 0.854688 1.000000 0.901563 0.839063 0.892188 0.829688 0.881250 0.839063 0.870313 0.839063 0.867188 0.850000 0.846875 0.856250 0.820312 0.825000 0.812500 0.821875 0.809375 0.831250 0.809375 0.845313 0.818359 0.855859
0 0.814063 0.437500 0.810937 0.446875 0.839063 0.481250 0.862500 0.487500 0.892188 0.512500 0.907813 0.565625 0.948438 0.593750 1.000000 0.593750 0.996875 0.581250 0.962500 0.568750 0.878125 0.406250 0.859375 0.400000 0.837500 0.404687 0.826562 0.432812 0.814063 0.437500
0 0.906250 0.329688 0.942187 0.320312 0.948438 0.304688 0.942187 0.284375 0.907813 0.284375 0.895312 0.292187 0.895312 0.326562 0.906250 0.329688
0 0.909375 0.231250 0.904687 0.246875 0.921875 0.245312 0.929688 0.214062 0.954688 0.181250 0.943750 0.159375 0.923438 0.162500 0.915625 0.173437 0.903125 0.204687 0.909375 0.231250
0 0.968750 0.104688 1.000000 0.101562 1.000000 0.060937 1.000000 0.048438 1.000000 0.039062 0.996875 0.045312 0.965625 0.042188 0.950000 0.050000 0.950000 0.070312 0.968750 0.104688
0 0.523438 0.868750 0.514062 0.881250 0.542188 0.900000 0.559375 0.956250 0.559375 1.000000 0.603125 1.000000 0.632812 1.000000 0.670312 1.000000 0.678125 1.000000 0.687500 1.000000 0.675000 1.000000 0.676562 1.000000 0.687500 1.000000 0.675000 1.000000 0.603125 0.959375 0.604688 0.937500 0.620313 0.903125 0.615625 0.868750 0.604688 0.856250 0.582812 0.865625 0.554688 0.859375 0.532813 0.823438 0.535937 0.792188 0.531250 0.784375 0.514062 0.785937 0.512500 0.807813 0.510938 0.857812 0.523438 0.868750
0 0.404687 0.743750 0.406250 0.751563 0.421875 0.765625 0.467187 0.785937 0.484375 0.840625 0.521875 0.885938 0.529687 0.881250 0.529687 0.868750 0.464062 0.718750 0.456250 0.671875 0.442188 0.665625 0.431250 0.668750 0.428125 0.676562 0.431250 0.721875 0.404687 0.743750
0 0.462500 0.737500 0.512500 0.779687 0.518750 0.803125 0.528125 0.814063 0.534375 0.785937 0.553125 0.764062 0.557813 0.737500 0.551562 0.725000 0.537500 0.718750 0.509375 0.729688 0.460938 0.714063 0.453125 0.720313 0.462500 0.737500
0 0.640625 0.773437 0.651563 0.792188 0.662500 0.798437 0.695312 0.762500 0.689063 0.739062 0.695312 0.714063 0.690625 0.706250 0.671875 0.709375 0.645312 0.739062 0.635938 0.750000 0.640625 0.773437
0 0.579688 0.754687 0.629687 0.803125 0.660937 0.892188 0.668750 0.900000 0.687500 0.898438 0.692187 0.884375 0.682813 0.875000 0.645312 0.750000 0.593750 0.701562 0.578125 0.703125 0.579688 0.754687
0 0.217188 0.864062 0.293750 0.895312 0.379688 0.904687 0.365625 0.889062 0.317188 0.868750 0.250000 0.818750 0.221875 0.804688 0.209375 0.807813 0.195312 0.845313 0.217188 0.864062
0 0.037117 0.896484 0.039070 0.896484 0.039070 0.892578 0.037117 0.892578 0.037117 0.896484
0 0.078125 0.829688 0.103125 0.828125 0.095312 0.793750 0.082812 0.790625 0.070312 0.796875 0.070312 0.817187 0.078125 0.829688
0 0.048438 0.925000 0.081250 0.915625 0.103125 0.920312 0.126562 0.937500 0.139063 0.957812 0.162500 0.965625 0.162500 0.903125 0.137500 0.890625 0.106250 0.850000 0.076563 0.842187 0.045312 0.856250 0.031250 0.890625 0.035937 0.921875 0.048438 0.925000
0 0.871875 0.190625 0.910937 0.168750 0.885938 0.148438 0.870313 0.151562 0.846875 0.170313 0.854688 0.184375 0.871875 0.190625
0 0.195312 0.501563 0.196875 0.464062 0.189062 0.456250 0.170313 0.464062 0.170313 0.484375 0.195312 0.501563
0 0.187500 0.470313 0.187500 0.459375 0.178125 0.462500 0.178125 0.478125 0.187500 0.470313
0 0.195312 0.489063 0.204687 0.490625 0.206250 0.506250 0.214062 0.514062 0.229687 0.514062 0.232813 0.492188 0.221875 0.478125 0.212500 0.476562 0.204687 0.487500 0.195312 0.489063
