0 0.000000 0.071875 0.000000 0.093750 0.007812 0.114062 0.004687 0.129688 0.015625 0.142187 0.039062 0.142187 0.078125 0.129688 0.132812 0.156250 0.137500 0.165625 0.189062 0.153125 0.220312 0.173437 0.239063 0.168750 0.237500 0.154688 0.196875 0.104688 0.176563 0.096875 0.148438 0.075000 0.135937 0.082812 0.139063 0.103125 0.120313 0.106250 0.082812 0.089063 0.034375 0.085938 0.000000 0.054688 0.000000 0.031250 0.000000 0.032813 0.000000 0.054688 0.000000 0.042188 0.000000 0.045312 0.000000 0.054688 0.000000 0.071875
0 0.220312 0.109375 0.239063 0.129688 0.250000 0.131250 0.256250 0.121875 0.253125 0.109375 0.217188 0.075000 0.212500 0.087500 0.220312 0.109375
0 0.000000 0.071875 0.001563 0.095312 0.001563 0.128125 0.014063 0.142187 0.031250 0.143750 0.087500 0.131250 0.121875 0.146875 0.135937 0.168750 0.151562 0.167187 0.176563 0.153125 0.220312 0.175000 0.235937 0.173437 0.240625 0.167187 0.237500 0.153125 0.212500 0.131250 0.217188 0.109375 0.210938 0.100000 0.190625 0.096875 0.153125 0.073438 0.135937 0.071875 0.129688 0.079687 0.132812 0.096875 0.118750 0.103125 0.085938 0.087500 0.042188 0.087500 0.000000 0.053125 0.000000 0.032813 0.000000 0.028125 0.000000 0.050000 0.000000 0.040625 0.000000 0.045312 0.000000 0.062500 0.000000 0.071875
0 0.410938 0.057813 0.426563 0.034375 0.425000 0.014063 0.412500 0.014063 0.393750 0.042188 0.395313 0.059375 0.410938 0.057813
0 0.410938 0.104688 0.421875 0.107813 0.440625 0.098437 0.434375 0.081250 0.417187 0.078125 0.409375 0.082812 0.406250 0.095312 0.410938 0.104688
0 0.518750 0.271875 0.537500 0.271875 0.553125 0.253125 0.557813 0.218750 0.576562 0.181250 0.585938 0.051562 0.573438 0.054688 0.543750 0.087500 0.518750 0.156250 0.507812 0.251563 0.518750 0.271875
0 0.521875 0.273438 0.537500 0.273438 0.554688 0.253125 0.567187 0.200000 0.603125 0.170313 0.646875 0.150000 0.653125 0.140625 0.654687 0.046875 0.659375 0.034375 0.654687 0.026562 0.635938 0.020313 0.618750 0.051562 0.593750 0.056250 0.589063 0.048438 0.578125 0.048438 0.545312 0.082812 0.521875 0.135937 0.520312 0.184375 0.509375 0.220312 0.512500 0.265625 0.521875 0.273438
0 0.692187 0.281250 0.754687 0.296875 0.768750 0.221875 0.775000 0.206250 0.796875 0.182812 0.815625 0.173437 0.890625 0.179688 0.915625 0.165625 0.945312 0.164062 0.970313 0.132812 0.973437 0.100000 0.960938 0.089063 0.934375 0.089063 0.879687 0.114062 0.865625 0.095312 0.878125 0.079687 0.876563 0.068750 0.862500 0.059375 0.835938 0.060937 0.823438 0.040625 0.807813 0.040625 0.796875 0.048438 0.782813 0.087500 0.751563 0.098437 0.726562 0.115625 0.725000 0.154688 0.692187 0.220312 0.687500 0.262500 0.692187 0.281250
0 0.423438 0.307812 0.445312 0.375000 0.445312 0.460938 0.456250 0.484375 0.464062 0.487500 0.476562 0.482812 0.526563 0.437500 0.528125 0.412500 0.504687 0.407813 0.475000 0.364063 0.476562 0.350000 0.501563 0.331250 0.490625 0.300000 0.506250 0.276562 0.504687 0.260937 0.489063 0.251563 0.453125 0.257812 0.443750 0.239063 0.425000 0.235937 0.420312 0.240625 0.423438 0.307812
0 0.012500 0.360938 0.031250 0.360938 0.056250 0.351562 0.076563 0.357812 0.092188 0.381250 0.112500 0.396875 0.142187 0.445312 0.187500 0.489063 0.209375 0.498437 0.221875 0.514062 0.250000 0.529687 0.260937 0.532813 0.267188 0.526563 0.262500 0.498437 0.210938 0.462500 0.203125 0.431250 0.192188 0.425000 0.121875 0.325000 0.131250 0.309375 0.128125 0.293750 0.104688 0.278125 0.095312 0.234375 0.087500 0.226562 0.070312 0.226562 0.062500 0.248438 0.051562 0.259375 0.037500 0.260937 0.025000 0.270313 0.015625 0.293750 0.018750 0.306250 0.003125 0.329688 0.000000 0.348438 0.012500 0.360938
0 0.151562 0.346875 0.228125 0.392188 0.245312 0.421875 0.260937 0.421875 0.295312 0.389062 0.287500 0.379688 0.276562 0.378125 0.260937 0.385937 0.248438 0.378125 0.239063 0.295312 0.220312 0.332813 0.200000 0.331250 0.195312 0.318750 0.151562 0.315625 0.145313 0.318750 0.151562 0.346875
0 0.025000 0.339062 0.075000 0.345313 0.085938 0.371875 0.112500 0.395313 0.117188 0.412500 0.153125 0.467187 0.223438 0.506250 0.237500 0.526563 0.259375 0.531250 0.273438 0.526563 0.264062 0.495312 0.212500 0.462500 0.195312 0.425000 0.182812 0.428125 0.170313 0.421875 0.151562 0.382812 0.107813 0.348438 0.085938 0.312500 0.067187 0.307812 0.054688 0.275000 0.043750 0.281250 0.042188 0.312500 0.003125 0.332813 0.003125 0.348438 0.025000 0.339062
0 0.383203 0.739062 0.382812 0.734375 0.404687 0.701562 0.404687 0.689063 0.395313 0.673438 0.362500 0.664062 0.353125 0.651563 0.350000 0.629687 0.351562 0.614062 0.365625 0.592187 0.368750 0.550000 0.378125 0.525000 0.407813 0.520312 0.426563 0.535937 0.435937 0.535937 0.443750 0.526563 0.440625 0.493750 0.446875 0.478125 0.442188 0.453125 0.417187 0.429688 0.387500 0.418750 0.335938 0.429688 0.343750 0.445312 0.321875 0.493750 0.339062 0.532813 0.314063 0.585938 0.295312 0.587500 0.195312 0.529687 0.153125 0.518750 0.145313 0.504687 0.142187 0.476562 0.101562 0.465625 0.079687 0.437500 0.032813 0.396875 0.000000 0.393750 0.000000 0.415625 0.000000 0.435937 0.000000 0.451562 0.035937 0.446875 0.046875 0.451562 0.046875 0.468750 0.025000 0.484375 0.023438 0.507812 0.070312 0.529687 0.070312 0.537500 0.082812 0.550000 0.103125 0.557813 0.159375 0.560937 0.242188 0.585938 0.281250 0.620313 0.293750 0.648828 0.296875 0.681250 0.287500 0.703125 0.287500 0.720313 0.305435 0.739062 0.383203 0.739062
0 0.000000 0.450000 0.043750 0.450000 0.043750 0.476562 0.023438 0.493750 0.025000 0.507812 0.032813 0.514062 0.048438 0.518750 0.085938 0.503125 0.114062 0.517188 0.135937 0.507812 0.137500 0.489063 0.131250 0.481250 0.103125 0.473438 0.078125 0.439063 0.039062 0.401562 0.001563 0.393750 0.000000 0.412500 0.000000 0.432812 0.000000 0.450000
0 0.495312 0.637500 0.503125 0.631250 0.495312 0.606250 0.454688 0.585938 0.443750 0.587500 0.445312 0.632812 0.495312 0.637500
0 0.629687 0.496875 0.671875 0.479687 0.707812 0.475000 0.714063 0.465625 0.700000 0.445312 0.670312 0.440625 0.650000 0.450000 0.629687 0.471875 0.625000 0.481250 0.629687 0.496875
0 0.648438 0.426563 0.689063 0.406250 0.710938 0.403125 0.725000 0.393750 0.729688 0.378125 0.721875 0.370312 0.690625 0.373437 0.635938 0.414062 0.632812 0.425000 0.648438 0.426563
0 0.564063 0.378125 0.581250 0.378125 0.585938 0.371875 0.584375 0.335938 0.567187 0.326562 0.553125 0.337500 0.556250 0.370312 0.564063 0.378125
0 0.437500 0.476562 0.426563 0.507812 0.431250 0.512500 0.428125 0.532813 0.529687 0.540625 0.557813 0.529687 0.570312 0.517188 0.584375 0.465625 0.568750 0.406250 0.553125 0.382812 0.467187 0.379688 0.428125 0.437500 0.428125 0.460938 0.437500 0.476562
0 0.342187 0.329688 0.354687 0.335938 0.375000 0.334375 0.382812 0.325000 0.375000 0.296875 0.364063 0.293750 0.335938 0.298438 0.342187 0.329688
0 0.318750 0.343750 0.329688 0.343750 0.332813 0.325000 0.317188 0.292187 0.310937 0.287500 0.300000 0.290625 0.310937 0.334375 0.318750 0.343750
0 0.403125 0.157812 0.406250 0.151562 0.393750 0.135937 0.382812 0.139063 0.385937 0.159375 0.403125 0.157812
0 0.300000 0.115625 0.318750 0.123438 0.325000 0.103125 0.321875 0.085938 0.312500 0.082812 0.298438 0.092188 0.295312 0.104688 0.300000 0.115625
0 0.331250 0.271875 0.340625 0.260937 0.337500 0.242188 0.328125 0.231250 0.317188 0.240625 0.315625 0.267188 0.331250 0.271875
0 0.478125 0.243750 0.489063 0.232813 0.487500 0.215625 0.470313 0.200000 0.465625 0.210938 0.464062 0.235937 0.478125 0.243750
0 0.353125 0.240625 0.364063 0.237500 0.371875 0.223438 0.390625 0.220312 0.403125 0.203125 0.396875 0.185938 0.368750 0.179688 0.337500 0.204687 0.335938 0.231250 0.353125 0.240625
0 0.156250 0.025000 0.198437 0.023438 0.200000 0.000000 0.179688 0.000000 0.146875 0.000000 0.143750 0.010937 0.156250 0.025000
0 0.226562 0.459375 0.228125 0.471875 0.260937 0.498437 0.268750 0.512500 0.268750 0.528125 0.300000 0.545312 0.323437 0.537500 0.339062 0.514062 0.328125 0.490625 0.362500 0.448437 0.362500 0.435937 0.343750 0.420312 0.335938 0.396875 0.328125 0.389062 0.276562 0.382812 0.281250 0.385937 0.276562 0.404687 0.248438 0.418750 0.239063 0.431250 0.237500 0.448437 0.226562 0.459375
