0 0.083277 0.739062 0.087500 0.707812 0.017188 0.681250 0.014063 0.692187 0.035937 0.715625 0.043149 0.739062 0.083277 0.739062
0 0.081250 0.739062 0.081250 0.729688 0.089063 0.703125 0.040625 0.693750 0.037500 0.679688 0.006250 0.659375 0.004687 0.646875 0.017188 0.615625 0.031250 0.614062 0.020313 0.595313 0.020313 0.573438 0.000000 0.567187 0.000000 0.585938 0.000000 0.603125 0.000000 0.606250 0.000000 0.614062 0.000000 0.637500 0.000000 0.668750 0.000000 0.693750 0.000000 0.739062 0.081250 0.739062
0 0.000000 0.275000 0.000000 0.323437 0.012500 0.345313 0.050000 0.389062 0.073438 0.392188 0.104688 0.407813 0.112500 0.403125 0.123438 0.365625 0.135937 0.350000 0.171875 0.331250 0.193750 0.328125 0.212500 0.304688 0.218750 0.256250 0.228125 0.232813 0.206250 0.217188 0.170313 0.167187 0.154688 0.162500 0.139063 0.175000 0.131250 0.215625 0.114062 0.242188 0.051562 0.256250 0.031250 0.246875 0.026562 0.223438 0.000000 0.173437 0.000000 0.162500 0.000000 0.151562 0.000000 0.159375 0.000000 0.220312 0.000000 0.240625 0.000000 0.245312 0.000000 0.275000
0 0.184375 0.668750 0.217188 0.700000 0.232813 0.698438 0.237500 0.678125 0.228125 0.646875 0.220312 0.639062 0.203125 0.650000 0.192188 0.643750 0.184375 0.628125 0.168750 0.631250 0.167187 0.648438 0.184375 0.668750
0 0.277825 0.739062 0.271875 0.721875 0.260937 0.700000 0.253125 0.700000 0.243750 0.710938 0.235937 0.721875 0.239063 0.735938 0.244375 0.739062 0.277825 0.739062
0 0.184375 0.551562 0.196875 0.560937 0.198437 0.573438 0.178125 0.576562 0.178125 0.585938 0.220312 0.601562 0.237500 0.582812 0.235937 0.542188 0.248438 0.518750 0.248438 0.500000 0.193750 0.479687 0.178125 0.481250 0.175000 0.487500 0.176563 0.534375 0.184375 0.551562
0 0.251563 0.498437 0.257812 0.512500 0.275000 0.514062 0.284375 0.504687 0.289062 0.482812 0.282813 0.412500 0.296875 0.354687 0.287500 0.335938 0.268750 0.328125 0.251563 0.335938 0.245312 0.353125 0.254688 0.398438 0.251563 0.498437
0 0.343750 0.520312 0.331250 0.531250 0.334375 0.545312 0.364063 0.560937 0.387500 0.600000 0.421875 0.600000 0.432812 0.579688 0.421875 0.525000 0.381250 0.500000 0.373437 0.478125 0.362500 0.468750 0.353125 0.467187 0.350000 0.475000 0.351562 0.495312 0.343750 0.520312
0 0.435937 0.684375 0.450000 0.681250 0.454688 0.670312 0.450000 0.646875 0.434375 0.642188 0.425000 0.650000 0.425000 0.675000 0.435937 0.684375
0 0.468750 0.568750 0.489063 0.553125 0.490625 0.540625 0.471875 0.523438 0.456250 0.526563 0.457813 0.560937 0.468750 0.568750
0 0.162500 0.000000 0.234375 0.000000 0.262500 0.000000 0.295312 0.006250 0.306250 0.043750 0.300000 0.056250 0.303125 0.107813 0.329688 0.123438 0.395313 0.257812 0.393750 0.270313 0.418750 0.314063 0.451562 0.350000 0.476562 0.353125 0.495312 0.331250 0.493750 0.312500 0.500000 0.301563 0.520312 0.295312 0.526563 0.270313 0.518750 0.253125 0.479687 0.245312 0.453125 0.203125 0.439063 0.193750 0.440625 0.167187 0.462500 0.139063 0.465625 0.121875 0.439063 0.087500 0.428125 0.045312 0.420312 0.039062 0.370312 0.029687 0.350000 0.000000 0.337500 0.000000 0.350000 0.000000 0.356250 0.000000 0.353125 0.000000 0.362500 0.000000 0.331250 0.000000 0.328125 0.000000 0.312500 0.000000 0.301563 0.000000 0.229687 0.000000 0.195312 0.000000 0.159375 0.000000 0.156250 0.000000 0.162500 0.000000
0 0.520312 0.350000 0.503125 0.368750 0.503125 0.384375 0.526563 0.434375 0.526563 0.454688 0.537500 0.468750 0.570312 0.471875 0.581250 0.462500 0.581250 0.448437 0.562500 0.412500 0.562500 0.395313 0.576562 0.360938 0.598437 0.339062 0.603125 0.307812 0.595313 0.296875 0.587500 0.300000 0.582812 0.312500 0.557813 0.332813 0.529687 0.317188 0.503125 0.310937 0.500000 0.329688 0.520312 0.350000
0 0.685937 0.075000 0.695312 0.078125 0.775000 0.062500 0.801562 0.043750 0.795312 0.009375 0.778125 0.007812 0.773438 0.021875 0.745313 0.042188 0.692187 0.056250 0.685937 0.062500 0.685937 0.075000
0 0.695312 0.082812 0.731250 0.068750 0.754687 0.051562 0.746875 0.042188 0.746875 0.017188 0.767188 0.000000 0.771875 0.000000 0.770312 0.000000 0.762500 0.000000 0.751563 0.000000 0.753125 0.000000 0.726562 0.000000 0.712500 0.032813 0.681250 0.062500 0.679688 0.076563 0.695312 0.082812
0 0.906250 0.109375 0.934375 0.059375 0.979688 0.025000 1.000000 0.000000 0.995313 0.000000 0.973437 0.000000 0.978125 0.000000 0.965625 0.000000 0.928125 0.010937 0.881250 0.082812 0.882812 0.106250 0.906250 0.109375
0 0.815625 0.171875 0.828125 0.175000 0.854688 0.157812 0.854688 0.131250 0.845313 0.112500 0.820312 0.112500 0.807813 0.125000 0.807813 0.156250 0.815625 0.171875
0 0.735938 0.107813 0.770312 0.110937 0.768750 0.101562 0.753125 0.085938 0.729688 0.092188 0.723437 0.098437 0.735938 0.107813
0 0.845313 0.100000 0.851562 0.075000 0.843750 0.068750 0.828125 0.079687 0.826562 0.092188 0.845313 0.100000
0 0.579688 0.576562 0.598437 0.571875 0.601562 0.560937 0.590625 0.545312 0.579688 0.545312 0.575000 0.553125 0.573438 0.567187 0.579688 0.576562
0 0.575000 0.534375 0.571875 0.560937 0.579688 0.575000 0.589063 0.576562 0.603125 0.560937 0.573438 0.501563 0.568750 0.501563 0.575000 0.534375
0 0.593750 0.709375 0.620313 0.704688 0.640625 0.689063 0.642188 0.667188 0.628125 0.660937 0.593750 0.682813 0.585938 0.704688 0.593750 0.709375
0 0.729167 0.739062 0.721875 0.717187 0.701562 0.715625 0.701562 0.739062 0.729167 0.739062
0 0.830915 0.739062 0.831250 0.729688 0.835938 0.725000 0.862500 0.726562 0.878125 0.718750 0.879687 0.690625 0.868750 0.681250 0.840625 0.685937 0.818750 0.664062 0.793750 0.687500 0.770312 0.721875 0.737500 0.715625 0.732566 0.739062 0.830915 0.739062
0 0.782813 0.545312 0.809375 0.567187 0.828125 0.564063 0.837500 0.551562 0.831250 0.526563 0.804688 0.503125 0.778125 0.506250 0.759375 0.518750 0.753125 0.537500 0.782813 0.545312
0 0.678125 0.554688 0.709375 0.551562 0.720313 0.537500 0.714063 0.503125 0.704688 0.495312 0.673438 0.506250 0.657813 0.526563 0.659375 0.543750 0.678125 0.554688
0 0.660937 0.579688 0.673438 0.587500 0.685937 0.584375 0.695312 0.562500 0.675000 0.551562 0.660937 0.553125 0.653125 0.560937 0.660937 0.579688
0 0.703125 0.431250 0.717187 0.432812 0.729688 0.426563 0.739062 0.406250 0.734375 0.381250 0.776563 0.353125 0.779687 0.329688 0.759375 0.329688 0.735938 0.343750 0.720313 0.360938 0.700000 0.401562 0.696875 0.421875 0.703125 0.431250
0 0.895312 0.557813 0.918750 0.540625 0.954688 0.528125 0.985938 0.545312 1.000000 0.545312 1.000000 0.528125 1.000000 0.532813 1.000000 0.518750 1.000000 0.496875 1.000000 0.484375 1.000000 0.460938 0.954688 0.445312 0.956250 0.428125 0.943750 0.414062 0.921875 0.417187 0.882812 0.470313 0.851562 0.481250 0.810937 0.506250 0.876563 0.559375 0.895312 0.557813
0 0.889062 0.340625 0.912500 0.364063 0.931250 0.359375 0.934375 0.321875 0.929688 0.278125 0.923438 0.270313 0.909375 0.270313 0.882812 0.285938 0.851562 0.287500 0.821875 0.318750 0.825000 0.331250 0.889062 0.340625
0 0.845313 0.271875 0.904687 0.260937 0.923438 0.246875 0.920312 0.229687 0.904687 0.214062 0.882812 0.217188 0.879687 0.223438 0.846875 0.217188 0.829688 0.246875 0.828125 0.259375 0.845313 0.271875
0 0.803125 0.300000 0.818750 0.289062 0.823438 0.275000 0.793750 0.279687 0.779687 0.293750 0.803125 0.300000
0 0.971875 0.085938 1.000000 0.068750 1.000000 0.051562 0.978125 0.037500 0.920312 0.075000 0.918750 0.089063 0.971875 0.085938
0 0.955114 0.739062 0.964063 0.725000 0.956250 0.710938 0.896875 0.721875 0.887500 0.728125 0.889062 0.732812 0.901563 0.739062 0.955114 0.739062
0 0.753125 0.515625 0.798438 0.496875 0.820312 0.478125 0.809375 0.465625 0.792188 0.462500 0.784375 0.446875 0.776563 0.446875 0.742188 0.484375 0.740625 0.507812 0.753125 0.515625
0 0.720313 0.468750 0.745313 0.475000 0.756250 0.471875 0.764062 0.460938 0.759375 0.448437 0.735938 0.434375 0.712500 0.445312 0.712500 0.460938 0.720313 0.468750
