0 0.000000 0.664062 0.018750 0.657813 0.035937 0.660937 0.040625 0.614062 0.071875 0.598437 0.079687 0.585938 0.076563 0.575000 0.054688 0.567187 0.048438 0.557813 0.065625 0.496875 0.056250 0.456250 0.042188 0.445312 0.039062 0.432812 0.048438 0.406250 0.039062 0.398438 0.010937 0.403125 0.000000 0.414062 0.000000 0.664062
0 0.045312 0.698438 0.101562 0.687500 0.128125 0.665625 0.140625 0.664062 0.187500 0.693750 0.209375 0.692187 0.232813 0.673438 0.223438 0.653125 0.192188 0.634375 0.185938 0.603125 0.165625 0.601562 0.153125 0.584375 0.114062 0.625000 0.096875 0.612500 0.087500 0.617188 0.075000 0.653125 0.045312 0.660937 0.039062 0.670312 0.037500 0.689063 0.045312 0.698438
0 0.225000 0.540625 0.232813 0.560937 0.225000 0.593750 0.235937 0.620313 0.239063 0.673438 0.228125 0.687500 0.245312 0.698438 0.271875 0.690625 0.285938 0.679688 0.284375 0.651563 0.292187 0.625000 0.289062 0.595313 0.278125 0.573438 0.278125 0.548438 0.301563 0.484375 0.293750 0.473438 0.257812 0.457813 0.243750 0.460938 0.232813 0.475000 0.240625 0.507812 0.225000 0.540625
0 0.301563 0.675000 0.321875 0.679688 0.318750 0.639062 0.337500 0.607812 0.340625 0.537500 0.293750 0.523438 0.282813 0.543750 0.281250 0.576562 0.301563 0.675000
0 0.326562 0.676562 0.375000 0.678125 0.390625 0.673438 0.404687 0.656250 0.396875 0.590625 0.381250 0.578125 0.371875 0.579688 0.368750 0.609375 0.337500 0.617188 0.320312 0.643750 0.314063 0.662500 0.326562 0.676562
0 0.398438 0.593750 0.398438 0.604688 0.406250 0.656250 0.412500 0.662500 0.462500 0.665625 0.470313 0.657813 0.465625 0.650000 0.475000 0.617188 0.492188 0.595313 0.485938 0.484375 0.478125 0.465625 0.457813 0.457813 0.439063 0.467187 0.428125 0.482812 0.426563 0.498437 0.412500 0.504687 0.403125 0.520312 0.409375 0.581250 0.398438 0.593750
0 0.498437 0.700000 0.515625 0.698438 0.528125 0.665625 0.526563 0.654687 0.501563 0.632812 0.484375 0.631250 0.476562 0.637500 0.478125 0.685937 0.498437 0.700000
0 0.526563 0.520312 0.532813 0.559375 0.528125 0.582812 0.540625 0.614062 0.542188 0.637500 0.534375 0.668750 0.553125 0.679688 0.571875 0.673438 0.595313 0.685937 0.626563 0.682813 0.635938 0.676562 0.632812 0.662500 0.593750 0.640625 0.614062 0.595313 0.609375 0.567187 0.614062 0.543750 0.606250 0.523438 0.653125 0.467187 0.660937 0.423438 0.629687 0.395313 0.582812 0.409375 0.570312 0.404687 0.559375 0.412500 0.540625 0.460938 0.539062 0.509375 0.526563 0.520312
0 0.650000 0.667188 0.660937 0.675000 0.689063 0.668750 0.746875 0.668750 0.742188 0.642188 0.779687 0.612500 0.778125 0.592187 0.770312 0.584375 0.757812 0.584375 0.742188 0.548438 0.731250 0.542188 0.692187 0.560937 0.679688 0.575000 0.684375 0.626563 0.650000 0.667188
0 0.781250 0.600000 0.793750 0.610938 0.812500 0.609375 0.825000 0.620313 0.826562 0.632812 0.817187 0.653125 0.820312 0.664062 0.835938 0.662500 0.870313 0.628125 0.898438 0.620313 0.906250 0.609375 0.904687 0.556250 0.910937 0.534375 0.881250 0.513281 0.892188 0.478125 0.887500 0.465625 0.876563 0.471875 0.853125 0.504687 0.845313 0.525000 0.825000 0.542188 0.809375 0.528125 0.806250 0.503125 0.796875 0.493750 0.770312 0.500000 0.751563 0.539062 0.751563 0.553125 0.781250 0.600000
0 0.923438 0.656250 0.932813 0.660937 0.953125 0.657813 0.962500 0.650000 0.967187 0.634375 0.962500 0.590625 0.939063 0.564063 0.926562 0.564063 0.915625 0.578125 0.912500 0.617188 0.923438 0.656250
0 0.848437 0.092188 0.862500 0.090625 0.873437 0.078125 0.918750 0.057813 0.929688 0.059375 0.953125 0.042188 0.984375 0.035937 0.998437 0.035937 1.000000 0.054688 1.000000 0.051562 1.000000 0.060937 1.000000 0.059375 1.000000 0.046875 1.000000 0.015625 1.000000 0.009375 1.000000 0.000000 1.000000 0.007812 0.979688 0.006250 0.962500 0.000000 0.926562 0.000000 0.890625 0.000000 0.889062 0.000000 0.900000 0.006250 0.889062 0.025000 0.871875 0.042188 0.845313 0.053125 0.831250 0.068750 0.832812 0.087500 0.848437 0.092188
0 0.354687 0.214062 0.387500 0.217188 0.400000 0.204687 0.398438 0.189062 0.387500 0.181250 0.350000 0.184375 0.326562 0.193750 0.329688 0.207813 0.354687 0.214062
0 0.226562 0.198437 0.268750 0.195312 0.284375 0.182812 0.282813 0.170313 0.271875 0.164062 0.220312 0.171875 0.217188 0.189062 0.226562 0.198437
0 0.037500 0.040625 0.048438 0.031250 0.048438 0.020313 0.042188 0.015625 0.028125 0.014063 0.015625 0.021875 0.018750 0.040625 0.037500 0.040625
0 0.501563 0.026562 0.498437 0.006250 0.485938 0.004687 0.478125 0.012500 0.479687 0.029687 0.501563 0.026562
0 0.618750 0.039062 0.635938 0.037500 0.643750 0.029687 0.639062 0.004687 0.620313 0.004687 0.609375 0.015625 0.609375 0.031250 0.618750 0.039062
