0 0.109375 0.543750 0.137500 0.518750 0.135937 0.507812 0.126562 0.500000 0.107813 0.501563 0.093750 0.514062 0.096875 0.535937 0.109375 0.543750
0 0.058594 0.739062 0.092188 0.743750 0.076563 0.725000 0.048438 0.712500 0.032813 0.714063 0.003125 0.740625 0.004687 0.764062 0.058594 0.739062
0 0.000000 0.871875 0.000000 0.893750 0.007812 0.914062 0.004687 0.929688 0.015625 0.942187 0.039062 0.942187 0.078125 0.929688 0.132812 0.956250 0.137500 0.965625 0.189062 0.953125 0.220312 0.973437 0.239063 0.968750 0.237500 0.954688 0.196875 0.904687 0.176563 0.896875 0.148438 0.875000 0.135937 0.882812 0.139063 0.903125 0.120313 0.906250 0.082812 0.889062 0.034375 0.885938 0.000000 0.854688 0.000000 0.831250 0.000000 0.832812 0.000000 0.854688 0.000000 0.842187 0.000000 0.845313 0.000000 0.854688 0.000000 0.871875
0 0.179688 0.739062 0.220312 0.720313 0.246875 0.684375 0.254688 0.660937 0.245312 0.651563 0.203125 0.681250 0.160938 0.687500 0.168750 0.731250 0.179688 0.739062
0 0.204687 0.785937 0.239063 0.753125 0.245312 0.731250 0.234375 0.725000 0.210938 0.726562 0.193750 0.739062 0.185938 0.756250 0.187500 0.779687 0.204687 0.785937
0 0.093750 0.667188 0.095312 0.703125 0.114062 0.718750 0.121875 0.696875 0.114062 0.670312 0.100000 0.643750 0.078125 0.623437 0.078125 0.640625 0.093750 0.667188
0 0.332813 0.751563 0.339062 0.743750 0.329688 0.690625 0.320312 0.671875 0.310937 0.676562 0.315625 0.742188 0.332813 0.751563
0 0.239063 0.565625 0.246875 0.560937 0.246875 0.548438 0.235937 0.543750 0.232813 0.554688 0.239063 0.565625
0 0.203125 0.534375 0.218750 0.542188 0.228125 0.539062 0.217188 0.510938 0.195312 0.504687 0.187500 0.512500 0.184375 0.518750 0.203125 0.534375
0 0.248438 0.484375 0.242188 0.520312 0.226562 0.537500 0.235937 0.564063 0.250000 0.575000 0.270313 0.556250 0.262500 0.498437 0.245312 0.443750 0.228125 0.446875 0.226562 0.465625 0.248438 0.484375
0 0.168750 0.417187 0.200000 0.439063 0.218750 0.435937 0.215625 0.406250 0.203125 0.373437 0.175000 0.385937 0.162500 0.370312 0.151562 0.370312 0.146875 0.384375 0.168750 0.417187
0 0.165625 0.289062 0.190625 0.295312 0.212500 0.287500 0.225000 0.237500 0.185938 0.229687 0.170313 0.217188 0.160938 0.218750 0.151562 0.231250 0.153125 0.270313 0.165625 0.289062
0 0.255664 0.179695 0.260555 0.179695 0.260555 0.177742 0.255664 0.177742 0.255664 0.179695
0 0.232813 0.243750 0.245312 0.254688 0.262500 0.245312 0.267188 0.221875 0.259375 0.153125 0.264062 0.120313 0.239063 0.103125 0.232813 0.109375 0.237500 0.179688 0.232813 0.243750
0 0.207813 0.340625 0.220312 0.317188 0.217188 0.304688 0.203125 0.304688 0.192188 0.321875 0.190625 0.340625 0.207813 0.340625
0 0.090625 0.000000 0.085938 0.018750 0.087500 0.071875 0.073438 0.132812 0.078125 0.140625 0.090625 0.142187 0.100000 0.132812 0.101562 0.112500 0.117188 0.085938 0.170313 0.062500 0.190625 0.043750 0.196875 0.000000 0.090625 0.000000
0 0.032813 0.000000 0.051562 0.057813 0.045312 0.073438 0.023438 0.084375 0.018750 0.093750 0.021875 0.115625 0.037500 0.131250 0.054688 0.128125 0.062500 0.120313 0.065625 0.101562 0.084375 0.068750 0.084375 0.054688 0.068750 0.000000 0.032813 0.000000
0 0.500000 0.078125 0.500000 0.090625 0.485938 0.103125 0.484375 0.123438 0.506250 0.173437 0.507812 0.195312 0.521875 0.207813 0.554688 0.210938 0.560937 0.189062 0.542188 0.148438 0.540625 0.131250 0.550000 0.107813 0.578125 0.073438 0.585938 0.051562 0.578125 0.043750 0.562500 0.050000 0.553125 0.070312 0.521875 0.085938 0.493750 0.048438 0.471875 0.042188 0.484375 0.068750 0.500000 0.078125
0 0.371875 0.000000 0.371875 0.009375 0.423438 0.084375 0.445312 0.095312 0.462500 0.081250 0.462500 0.060937 0.435937 0.023438 0.429688 0.000000 0.371875 0.000000
0 0.467187 0.029687 0.487500 0.032813 0.500000 0.020313 0.498437 0.000000 0.434375 0.001563 0.467187 0.029687
0 0.348438 0.304688 0.368750 0.340625 0.393750 0.337500 0.409375 0.325000 0.412500 0.307812 0.401562 0.268750 0.354687 0.235937 0.339062 0.209375 0.331250 0.214062 0.332813 0.240625 0.323437 0.260937 0.310937 0.270313 0.317188 0.284375 0.348438 0.304688
0 0.414062 0.421875 0.428125 0.418750 0.434375 0.410938 0.432812 0.393750 0.421875 0.381250 0.409375 0.384375 0.401562 0.396875 0.400000 0.406250 0.414062 0.421875
0 0.439063 0.528125 0.450000 0.526563 0.468750 0.506250 0.453125 0.495312 0.429688 0.500000 0.428125 0.514062 0.439063 0.528125
0 0.484375 0.598437 0.492188 0.581250 0.489063 0.568750 0.478125 0.567187 0.468750 0.575000 0.468750 0.598437 0.484375 0.598437
0 0.279687 0.614062 0.287500 0.625000 0.306250 0.626563 0.312500 0.618750 0.307812 0.610938 0.276562 0.581250 0.270313 0.596875 0.279687 0.614062
0 0.137500 0.776563 0.146875 0.767188 0.145313 0.754687 0.134375 0.745313 0.117188 0.746875 0.115625 0.756250 0.137500 0.776563
0 0.220312 0.909375 0.239063 0.929688 0.250000 0.931250 0.256250 0.921875 0.253125 0.909375 0.217188 0.875000 0.212500 0.887500 0.220312 0.909375
0 0.000000 0.871875 0.001563 0.895312 0.001563 0.928125 0.014063 0.942187 0.031250 0.943750 0.087500 0.931250 0.121875 0.946875 0.135937 0.968750 0.151562 0.967187 0.176563 0.953125 0.220312 0.975000 0.235937 0.973437 0.240625 0.967187 0.237500 0.953125 0.212500 0.931250 0.217188 0.909375 0.210938 0.900000 0.190625 0.896875 0.153125 0.873437 0.135937 0.871875 0.129688 0.879687 0.132812 0.896875 0.118750 0.903125 0.085938 0.887500 0.042188 0.887500 0.000000 0.853125 0.000000 0.832812 0.000000 0.828125 0.000000 0.850000 0.000000 0.840625 0.000000 0.845313 0.000000 0.862500 0.000000 0.871875
0 0.400000 0.757812 0.418750 0.779687 0.428125 0.773437 0.434375 0.762500 0.428125 0.739062 0.387500 0.725000 0.375000 0.731250 0.375000 0.746875 0.400000 0.757812
0 0.353125 0.696875 0.371875 0.706250 0.378125 0.717187 0.390625 0.710938 0.395313 0.690625 0.384375 0.690625 0.371875 0.673438 0.353125 0.664062 0.339062 0.667188 0.335938 0.678125 0.353125 0.696875
0 0.400000 0.748437 0.414062 0.768750 0.423438 0.771875 0.431250 0.762500 0.428125 0.739062 0.409375 0.737500 0.400000 0.740625 0.400000 0.748437
0 0.378125 0.737500 0.378125 0.745313 0.403125 0.753125 0.407813 0.750000 0.396875 0.737500 0.382812 0.742188 0.378125 0.737500
0 0.370312 0.762500 0.370312 0.753125 0.362500 0.748437 0.337500 0.759375 0.345313 0.778125 0.370312 0.762500
0 0.528125 0.731250 0.554688 0.737500 0.570312 0.726562 0.578125 0.695312 0.570312 0.685937 0.554688 0.684375 0.521875 0.710938 0.520312 0.720313 0.528125 0.731250
0 0.514062 0.673438 0.531250 0.675000 0.545312 0.664062 0.543750 0.650000 0.534375 0.640625 0.520312 0.639062 0.509375 0.650000 0.507812 0.668750 0.514062 0.673438
0 0.534375 0.596875 0.540625 0.589063 0.539062 0.571875 0.528125 0.568750 0.518750 0.575000 0.517188 0.590625 0.534375 0.596875
0 0.665625 0.512500 0.665625 0.495312 0.653125 0.478125 0.621875 0.467187 0.601562 0.473438 0.650000 0.514062 0.665625 0.512500
0 0.446875 0.312500 0.468750 0.284375 0.448437 0.260937 0.435937 0.268750 0.435937 0.293750 0.446875 0.312500
0 0.410938 0.857812 0.426563 0.834375 0.425000 0.814063 0.412500 0.814063 0.393750 0.842187 0.395313 0.859375 0.410938 0.857812
0 0.410938 0.904687 0.421875 0.907813 0.440625 0.898438 0.434375 0.881250 0.417187 0.878125 0.409375 0.882812 0.406250 0.895312 0.410938 0.904687
0 0.471875 0.756250 0.481250 0.745313 0.470313 0.734375 0.453125 0.740625 0.456250 0.757812 0.471875 0.756250
0 0.518750 1.000000 0.537500 1.000000 0.553125 1.000000 0.557813 1.000000 0.576562 0.981250 0.585938 0.851562 0.573438 0.854688 0.543750 0.887500 0.518750 0.956250 0.507812 1.000000 0.518750 1.000000
0 0.521875 1.000000 0.537500 1.000000 0.554688 1.000000 0.567187 1.000000 0.603125 0.970313 0.646875 0.950000 0.653125 0.940625 0.654687 0.846875 0.659375 0.834375 0.654687 0.826562 0.635938 0.820312 0.618750 0.851562 0.593750 0.856250 0.589063 0.848437 0.578125 0.848437 0.545312 0.882812 0.521875 0.935937 0.520312 0.984375 0.509375 1.000000 0.512500 1.000000 0.521875 1.000000
0 0.771875 0.489063 0.779687 0.515625 0.787500 0.518750 0.810937 0.503125 0.807813 0.484375 0.815625 0.460938 0.856250 0.459375 0.857812 0.428125 0.853125 0.421875 0.812500 0.428125 0.806250 0.404687 0.795312 0.401562 0.754687 0.464062 0.757812 0.481250 0.771875 0.489063
0 0.684375 0.521875 0.714063 0.537500 0.729688 0.568750 0.746875 0.571875 0.759375 0.554688 0.746875 0.500000 0.765625 0.492188 0.767188 0.484375 0.748437 0.464062 0.693750 0.446875 0.670312 0.446875 0.684375 0.521875
0 0.607812 0.435937 0.620313 0.423438 0.623437 0.409375 0.620313 0.401562 0.610938 0.401562 0.593750 0.414062 0.579688 0.437500 0.607812 0.435937
0 0.560937 0.312500 0.570312 0.318750 0.581250 0.315625 0.584375 0.303125 0.578125 0.285938 0.571875 0.279687 0.554688 0.281250 0.553125 0.293750 0.560937 0.312500
0 0.651563 0.293750 0.678125 0.296875 0.692187 0.284375 0.696875 0.257812 0.689063 0.237500 0.679688 0.235937 0.656250 0.245312 0.637500 0.267188 0.645312 0.300000 0.651563 0.293750
0 0.643750 0.318750 0.657813 0.323437 0.670312 0.315625 0.671875 0.301563 0.643750 0.295312 0.637500 0.298438 0.643750 0.318750
0 0.692187 0.287500 0.750000 0.281250 0.789062 0.307812 0.801562 0.307812 0.817187 0.293750 0.814063 0.270313 0.790625 0.242188 0.767188 0.242188 0.695312 0.264062 0.685937 0.281250 0.692187 0.287500
0 0.700000 0.171875 0.709375 0.167187 0.717187 0.154688 0.715625 0.128125 0.723437 0.112500 0.760938 0.087500 0.765625 0.073438 0.751563 0.067187 0.709375 0.087500 0.678125 0.145313 0.679688 0.168750 0.700000 0.171875
0 0.885938 0.214062 0.928125 0.228125 0.954688 0.228125 1.000000 0.268750 1.000000 0.270313 1.000000 0.256250 1.000000 0.240625 1.000000 0.226562 0.976562 0.193750 0.945312 0.184375 0.929688 0.156250 0.903125 0.157812 0.879687 0.193750 0.876563 0.204687 0.885938 0.214062
0 0.818750 0.256250 0.840625 0.285938 0.860938 0.298438 0.879687 0.293750 0.925000 0.265625 0.937500 0.265625 0.968750 0.285938 0.987500 0.284375 0.996875 0.265625 0.984375 0.245312 0.950000 0.228125 0.934375 0.228125 0.904687 0.240625 0.870313 0.221875 0.857812 0.229687 0.845313 0.223438 0.820312 0.232813 0.812500 0.240625 0.818750 0.256250
0 0.809375 0.067187 0.821875 0.064062 0.845313 0.070312 0.895312 0.104688 0.903125 0.106250 0.914062 0.096875 0.912500 0.018750 0.904687 0.010937 0.865625 0.021875 0.834375 0.021875 0.807813 0.046875 0.801562 0.062500 0.809375 0.067187
0 0.773438 0.051562 0.787500 0.056250 0.804688 0.032813 0.803125 0.018750 0.795312 0.007812 0.785937 0.007812 0.770312 0.021875 0.770312 0.056250 0.773438 0.051562
0 0.810937 0.009375 0.839063 0.010937 0.856250 0.000000 0.803125 0.003125 0.810937 0.009375
0 0.779687 0.750000 0.770312 0.725000 0.810937 0.715625 0.814063 0.700000 0.792188 0.681250 0.739062 0.685937 0.714063 0.714063 0.695312 0.725000 0.701562 0.735938 0.779687 0.750000
0 0.678125 0.690625 0.695312 0.653125 0.685937 0.646875 0.664062 0.678125 0.662500 0.690625 0.678125 0.690625
0 0.410938 0.764062 0.420312 0.781250 0.431250 0.764062 0.434375 0.737500 0.453125 0.720313 0.453125 0.696875 0.428125 0.714063 0.412500 0.742188 0.415625 0.760938 0.410938 0.764062
0 0.893750 0.550000 0.912500 0.548438 0.932813 0.520312 0.931250 0.506250 0.921875 0.500000 0.876563 0.492188 0.850000 0.503125 0.850000 0.523438 0.893750 0.550000
0 0.928125 0.481250 0.943750 0.471875 0.945312 0.457813 0.935937 0.448437 0.923438 0.448437 0.867188 0.468750 0.870313 0.478125 0.928125 0.481250
0 0.692187 1.000000 0.754687 1.000000 0.768750 1.000000 0.775000 1.000000 0.796875 0.982812 0.815625 0.973437 0.890625 0.979688 0.915625 0.965625 0.945312 0.964063 0.970313 0.932813 0.973437 0.900000 0.960938 0.889062 0.934375 0.889062 0.879687 0.914062 0.865625 0.895312 0.878125 0.879687 0.876563 0.868750 0.862500 0.859375 0.835938 0.860938 0.823438 0.840625 0.807813 0.840625 0.796875 0.848437 0.782813 0.887500 0.751563 0.898438 0.726562 0.915625 0.725000 0.954688 0.692187 1.000000 0.687500 1.000000 0.692187 1.000000
0 0.403125 0.957812 0.406250 0.951562 0.393750 0.935937 0.382812 0.939063 0.385937 0.959375 0.403125 0.957812
0 0.300000 0.915625 0.318750 0.923438 0.325000 0.903125 0.321875 0.885938 0.312500 0.882812 0.298438 0.892188 0.295312 0.904687 0.300000 0.915625
0 0.156250 0.825000 0.198437 0.823438 0.200000 0.796875 0.179688 0.784375 0.146875 0.785937 0.143750 0.810937 0.156250 0.825000
0 0.409375 0.692187 0.428125 0.692187 0.462500 0.665625 0.453125 0.637500 0.403125 0.668750 0.365625 0.670312 0.360938 0.665625 0.351562 0.673438 0.409375 0.692187
