0 0.018359 0.855859 0.000000 0.998437 0.000000 1.000000 0.000000 1.000000 0.003125 1.000000 0.007812 1.000000 0.023438 1.000000 0.043750 1.000000 0.054688 1.000000 0.101562 0.839063 0.092188 0.829688 0.081250 0.839063 0.070312 0.839063 0.067187 0.850000 0.046875 0.856250 0.020313 0.825000 0.012500 0.821875 0.009375 0.831250 0.009375 0.845313 0.018359 0.855859
0 0.014063 0.437500 0.010937 0.446875 0.039062 0.481250 0.062500 0.487500 0.092188 0.512500 0.107813 0.565625 0.148438 0.593750 0.200000 0.593750 0.196875 0.581250 0.162500 0.568750 0.078125 0.406250 0.059375 0.400000 0.037500 0.404687 0.026562 0.432812 0.014063 0.437500
0 0.142187 0.439063 0.143750 0.445312 0.160938 0.451562 0.160938 0.465625 0.150000 0.475000 0.151562 0.484375 0.160938 0.492188 0.187500 0.489063 0.226562 0.509375 0.243750 0.543750 0.267188 0.564063 0.273438 0.592187 0.303125 0.610938 0.310937 0.609375 0.314063 0.595313 0.289062 0.533594 0.282813 0.493750 0.270313 0.478125 0.223438 0.446875 0.214062 0.410938 0.214062 0.376563 0.203125 0.370312 0.170313 0.373437 0.176563 0.420312 0.142187 0.439063
0 0.106250 0.329688 0.142187 0.320312 0.148438 0.304688 0.142187 0.284375 0.107813 0.284375 0.095312 0.292187 0.095312 0.326562 0.106250 0.329688
0 0.109375 0.231250 0.104688 0.246875 0.121875 0.245312 0.129688 0.214062 0.154688 0.181250 0.143750 0.159375 0.123438 0.162500 0.115625 0.173437 0.103125 0.204687 0.109375 0.231250
0 0.168750 0.104688 0.212500 0.101562 0.234375 0.060937 0.234375 0.048438 0.225000 0.039062 0.196875 0.045312 0.165625 0.042188 0.150000 0.050000 0.150000 0.070312 0.168750 0.104688
0 0.239063 0.195312 0.242188 0.217188 0.264062 0.235937 0.276562 0.235937 0.296875 0.206250 0.296875 0.189062 0.259375 0.176563 0.232813 0.153125 0.220312 0.159375 0.218750 0.175000 0.239063 0.195312
0 0.360938 0.192188 0.376563 0.210938 0.407813 0.215625 0.417187 0.209375 0.404687 0.165625 0.368750 0.148438 0.354687 0.148438 0.342187 0.157812 0.343750 0.182812 0.360938 0.192188
0 0.329688 0.085938 0.359375 0.081250 0.375000 0.067187 0.356250 0.050000 0.310937 0.045312 0.300000 0.037500 0.296875 0.025000 0.264062 0.050000 0.267188 0.064062 0.329688 0.085938
0 0.476562 0.000000 0.465625 0.014063 0.443750 0.014063 0.429688 0.032813 0.429688 0.050000 0.468750 0.082812 0.485938 0.084375 0.529687 0.057813 0.517188 0.026562 0.520312 0.007812 0.514062 0.000000 0.476562 0.000000
0 0.525000 0.218750 0.554688 0.221875 0.565625 0.215625 0.557813 0.209375 0.560937 0.157812 0.504687 0.167187 0.503125 0.176563 0.525000 0.218750
0 0.645312 0.206250 0.673438 0.193750 0.700000 0.168750 0.695312 0.156250 0.685937 0.156250 0.670312 0.170313 0.657813 0.171875 0.637500 0.140625 0.626563 0.148438 0.618750 0.165625 0.621875 0.187500 0.645312 0.206250
0 0.685937 0.034375 0.690625 0.054688 0.700000 0.064062 0.715625 0.067187 0.740625 0.056250 0.739062 0.029687 0.695312 0.018750 0.685937 0.018750 0.685937 0.034375
0 0.445312 0.376563 0.485938 0.446875 0.489063 0.457813 0.481250 0.478125 0.514062 0.506250 0.528125 0.548438 0.543750 0.571875 0.553125 0.578125 0.560937 0.575000 0.560937 0.512500 0.546875 0.503125 0.550000 0.476562 0.542188 0.448437 0.507812 0.426563 0.493750 0.400000 0.493750 0.376563 0.523438 0.339062 0.495312 0.323437 0.476562 0.332813 0.442188 0.328125 0.426563 0.337500 0.425000 0.357812 0.445312 0.376563
0 0.573438 0.360938 0.589063 0.393750 0.575000 0.406250 0.568750 0.425000 0.540625 0.442188 0.540625 0.453125 0.550000 0.457813 0.562500 0.454688 0.571875 0.473438 0.576562 0.453125 0.603125 0.434375 0.615625 0.450000 0.631250 0.443750 0.637500 0.412500 0.634375 0.375000 0.656250 0.342187 0.643750 0.315625 0.662500 0.300000 0.671875 0.281250 0.668750 0.270313 0.651563 0.268750 0.634375 0.292187 0.615625 0.301563 0.560937 0.295312 0.550000 0.304688 0.545312 0.321875 0.546875 0.334375 0.573438 0.360938
0 0.642188 0.498437 0.654687 0.517188 0.659375 0.584375 0.684375 0.596875 0.695312 0.618750 0.709375 0.631250 0.743750 0.632812 0.751563 0.623437 0.739062 0.598437 0.740625 0.585938 0.714063 0.564063 0.712500 0.548438 0.701562 0.537500 0.701562 0.523438 0.726562 0.489063 0.726562 0.468750 0.737500 0.446875 0.746875 0.400000 0.767188 0.384375 0.782813 0.357812 0.756250 0.337500 0.765625 0.310937 0.743750 0.310937 0.723437 0.334375 0.718750 0.353125 0.728125 0.390625 0.695312 0.450000 0.648438 0.454688 0.618750 0.446875 0.618750 0.482812 0.642188 0.498437
0 0.790625 0.510938 0.793750 0.542188 0.784375 0.565625 0.756250 0.590625 0.748437 0.610938 0.742188 0.643750 0.757812 0.657813 0.764062 0.657813 0.773438 0.643750 0.817969 0.621875 0.854688 0.612500 0.853125 0.606250 0.862500 0.595313 0.859375 0.584375 0.837500 0.565625 0.825000 0.542188 0.842187 0.509375 0.878125 0.476562 0.879687 0.451562 0.898438 0.390625 0.939063 0.329688 0.946875 0.312500 0.945312 0.298438 0.934375 0.292187 0.907813 0.325000 0.889062 0.317188 0.868750 0.317188 0.865625 0.323437 0.842187 0.317188 0.842187 0.304688 0.832812 0.295312 0.820312 0.293750 0.817187 0.315625 0.829688 0.332813 0.842187 0.339062 0.854688 0.368750 0.856250 0.400000 0.850000 0.417187 0.812500 0.443750 0.806250 0.456250 0.793750 0.446875 0.787500 0.409375 0.776563 0.404687 0.768750 0.417187 0.768750 0.470313 0.790625 0.510938
0 0.364063 0.514062 0.387500 0.571875 0.382812 0.598437 0.440625 0.656250 0.462500 0.701562 0.476562 0.712500 0.482812 0.735938 0.478125 0.742188 0.503125 0.768750 0.528125 0.775000 0.537500 0.771875 0.548438 0.754687 0.525000 0.717187 0.509375 0.704688 0.495312 0.671875 0.495312 0.653125 0.507812 0.632812 0.504687 0.603125 0.478125 0.592187 0.471875 0.576562 0.462500 0.584375 0.453125 0.579688 0.423438 0.532813 0.431250 0.506250 0.457813 0.478125 0.453125 0.465625 0.437500 0.462500 0.392188 0.471875 0.373437 0.435937 0.360938 0.426563 0.353125 0.431250 0.334375 0.423438 0.328125 0.406250 0.318750 0.410938 0.307812 0.442188 0.321875 0.478125 0.364063 0.514062
0 0.312500 0.409375 0.329688 0.409375 0.342187 0.400000 0.342187 0.381250 0.335938 0.376563 0.320312 0.376563 0.307812 0.385937 0.304688 0.400000 0.312500 0.409375
0 0.518750 0.798437 0.520312 0.840625 0.539062 0.878125 0.540625 0.898438 0.573438 0.939063 0.570312 0.993750 0.557813 1.000000 0.560937 1.000000 0.579688 1.000000 0.606250 1.000000 0.612500 0.996875 0.617188 0.939063 0.629687 0.904687 0.625000 0.890625 0.637500 0.862500 0.593750 0.850000 0.573438 0.828125 0.575000 0.790625 0.592187 0.750000 0.585938 0.731250 0.570312 0.729688 0.489063 0.760938 0.493750 0.773437 0.518750 0.798437
0 0.198437 0.776563 0.228125 0.792188 0.235937 0.818750 0.239063 0.870313 0.225000 0.878125 0.220312 0.889062 0.218750 0.906250 0.225000 0.915625 0.239063 0.915625 0.250000 0.923438 0.270313 0.915625 0.278125 0.918750 0.275000 0.929688 0.290625 0.937500 0.304688 0.973437 0.295312 0.987500 0.296875 0.998437 0.317188 1.000000 0.357812 1.000000 0.370312 1.000000 0.395313 1.000000 0.396875 1.000000 0.375000 1.000000 0.360938 0.970313 0.359375 0.920312 0.310937 0.860938 0.287500 0.810937 0.289062 0.790625 0.281250 0.773437 0.251563 0.753125 0.231250 0.715625 0.207813 0.704688 0.198437 0.687500 0.179688 0.675000 0.170313 0.676562 0.176563 0.709375 0.150000 0.746875 0.153125 0.779687 0.198437 0.776563
0 0.229687 0.504687 0.240625 0.537500 0.264062 0.573438 0.267188 0.593750 0.259375 0.607812 0.242188 0.614062 0.243750 0.626563 0.257812 0.632812 0.276562 0.631250 0.290625 0.642188 0.306250 0.667188 0.307812 0.703125 0.331250 0.726562 0.345313 0.734375 0.367188 0.726562 0.357812 0.646875 0.328125 0.612500 0.289062 0.523438 0.281250 0.489063 0.228125 0.451562 0.207813 0.450000 0.201563 0.454688 0.203125 0.484375 0.229687 0.504687
0 0.356250 0.768750 0.382812 0.800000 0.390625 0.818750 0.395313 0.871875 0.407813 0.893750 0.442188 0.925000 0.467187 0.978125 0.475000 1.000000 0.493750 1.000000 0.507812 1.000000 0.537500 1.000000 0.534375 1.000000 0.520312 0.995313 0.503125 0.954688 0.507812 0.926562 0.518750 0.921875 0.520312 0.912500 0.514062 0.882812 0.503125 0.876563 0.482812 0.876563 0.451562 0.860938 0.434375 0.831250 0.429688 0.773437 0.407813 0.743750 0.385937 0.735938 0.370312 0.720313 0.350000 0.731250 0.343750 0.743750 0.342187 0.760938 0.356250 0.768750
0 0.679688 0.798437 0.671875 0.821875 0.685937 0.845313 0.693750 0.892188 0.717187 0.928125 0.718750 0.968750 0.714063 0.976562 0.723437 0.981250 0.731250 0.978125 0.739062 0.959375 0.737500 0.875000 0.717187 0.845313 0.707812 0.804688 0.737500 0.756250 0.739062 0.742188 0.729688 0.732812 0.684375 0.732812 0.676562 0.739062 0.662500 0.756250 0.679688 0.798437
0 0.710938 1.000000 0.729688 1.000000 0.735938 1.000000 0.729688 1.000000 0.717187 1.000000 0.720313 1.000000 0.743750 1.000000 0.770312 1.000000 0.770312 1.000000 0.743750 1.000000 0.739062 1.000000 0.742188 1.000000 0.751563 0.987500 0.773438 0.964063 0.785937 0.920312 0.804688 0.893750 0.814063 0.857812 0.854688 0.767188 0.840625 0.757812 0.828125 0.735938 0.803125 0.732812 0.795312 0.737500 0.784375 0.765625 0.785937 0.779687 0.695312 1.000000 0.695312 1.000000 0.710938 1.000000
0 0.925000 0.503125 0.931250 0.525000 0.917188 0.568750 0.893750 0.595313 0.881250 0.662500 0.840625 0.726562 0.840625 0.750000 0.848437 0.765625 0.845313 0.778125 0.889062 0.756250 0.898438 0.712500 0.903125 0.710938 0.898438 0.698438 0.917188 0.654687 0.937500 0.628125 0.960938 0.621875 0.967187 0.610938 0.975000 0.585938 0.970313 0.560937 0.979688 0.546875 0.981250 0.509375 0.996875 0.489063 1.000000 0.460938 1.000000 0.432812 1.000000 0.365625 1.000000 0.360938 1.000000 0.370312 0.981250 0.425000 0.956250 0.445312 0.942187 0.440625 0.912500 0.406250 0.907813 0.412500 0.928125 0.456250 0.925000 0.503125
0 0.842187 0.597395 0.850000 0.637500 0.860938 0.662500 0.871875 0.665625 0.868750 0.590625 0.835938 0.557813 0.831250 0.560937 0.825000 0.571875 0.842187 0.597395
0 0.871875 0.700000 0.882812 0.690625 0.873437 0.681250 0.867188 0.682813 0.865625 0.696875 0.871875 0.700000
0 0.875000 0.164062 0.901563 0.193750 0.943750 0.187500 0.984375 0.160938 0.981250 0.154688 0.939063 0.157812 0.910937 0.135937 0.871875 0.132812 0.857812 0.143750 0.857812 0.154688 0.875000 0.164062
0 0.918750 0.000000 0.907813 0.017188 0.885938 0.026562 0.864062 0.020313 0.856250 0.007812 0.837500 0.012500 0.825000 0.025000 0.823438 0.043750 0.875000 0.078125 0.907813 0.081250 0.934375 0.062500 0.968750 0.056250 0.975000 0.046875 0.946875 0.000000 0.918750 0.000000
0 0.803125 0.782813 0.803125 0.804688 0.764062 0.898438 0.773438 0.900000 0.779687 0.915625 0.814063 0.898438 0.848437 0.851562 0.845313 0.832812 0.837500 0.829688 0.837500 0.807813 0.862500 0.760938 0.856250 0.753125 0.846875 0.754687 0.832812 0.737500 0.801562 0.735938 0.785937 0.765625 0.792188 0.778125 0.803125 0.782813
0 0.868750 0.928125 0.865625 0.959375 0.854688 0.981250 0.862500 0.995313 0.901563 0.987500 0.920312 0.926562 0.943750 0.907813 0.976562 0.898438 0.998437 0.871875 0.998437 0.865625 0.975000 0.850000 0.959375 0.804688 0.962500 0.796875 0.953125 0.790625 0.937500 0.800000 0.939063 0.809375 0.929688 0.826562 0.906250 0.856250 0.850000 0.851562 0.840625 0.868750 0.868750 0.928125
0 0.071875 0.190625 0.110937 0.168750 0.085938 0.148438 0.070312 0.151562 0.046875 0.170313 0.054688 0.184375 0.071875 0.190625
