0 0.328472 0.739062 0.307812 0.728125 0.304688 0.717187 0.293750 0.709375 0.251563 0.725000 0.239375 0.739062 0.328472 0.739062
0 0.275000 0.135937 0.295312 0.140625 0.312500 0.131250 0.317188 0.109375 0.309375 0.090625 0.282813 0.087500 0.264062 0.103125 0.262500 0.120313 0.275000 0.135937
0 0.062500 0.129688 0.078125 0.128125 0.093750 0.112500 0.090625 0.096875 0.078125 0.085938 0.053125 0.095312 0.051562 0.118750 0.062500 0.129688
0 0.053125 0.064062 0.107813 0.056250 0.103125 0.045312 0.089063 0.043750 0.071875 0.031250 0.050000 0.035937 0.046875 0.056250 0.053125 0.064062
0 0.625000 0.223438 0.646875 0.225000 0.681250 0.195312 0.735938 0.178125 0.751563 0.170313 0.753125 0.162500 0.701562 0.128125 0.687500 0.151562 0.637500 0.167187 0.617188 0.193750 0.617188 0.217188 0.625000 0.223438
0 0.737500 0.071875 0.800000 0.093750 0.807813 0.114062 0.804688 0.129688 0.815625 0.142187 0.839063 0.142187 0.878125 0.129688 0.932813 0.156250 0.937500 0.165625 0.989062 0.153125 1.000000 0.173437 1.000000 0.168750 1.000000 0.154688 0.996875 0.104688 0.976562 0.096875 0.948438 0.075000 0.935937 0.082812 0.939063 0.103125 0.920312 0.106250 0.882812 0.089063 0.834375 0.085938 0.793750 0.054688 0.779687 0.031250 0.768750 0.032813 0.760938 0.054688 0.732812 0.042188 0.720313 0.045312 0.718750 0.054688 0.737500 0.071875
0 0.748047 0.142383 0.751953 0.142383 0.751953 0.141398 0.748047 0.141398 0.748047 0.142383
0 0.732812 0.128125 0.796875 0.148438 0.793750 0.137500 0.753125 0.109375 0.731250 0.110937 0.725000 0.118750 0.732812 0.128125
0 0.734375 0.071875 0.801562 0.095312 0.801562 0.128125 0.814063 0.142187 0.831250 0.143750 0.887500 0.131250 0.921875 0.146875 0.935937 0.168750 0.951562 0.167187 0.976562 0.153125 1.000000 0.175000 1.000000 0.173437 1.000000 0.167187 1.000000 0.153125 1.000000 0.131250 1.000000 0.109375 1.000000 0.100000 0.990625 0.096875 0.953125 0.073438 0.935937 0.071875 0.929688 0.079687 0.932813 0.096875 0.918750 0.103125 0.885938 0.087500 0.842187 0.087500 0.793750 0.053125 0.781250 0.032813 0.770312 0.028125 0.757812 0.050000 0.731250 0.040625 0.718750 0.045312 0.720313 0.062500 0.734375 0.071875
0 0.812500 0.360938 0.831250 0.360938 0.856250 0.351562 0.876563 0.357812 0.892188 0.381250 0.912500 0.396875 0.942187 0.445312 0.987500 0.489063 1.000000 0.498437 1.000000 0.514062 1.000000 0.529687 1.000000 0.532813 1.000000 0.526563 1.000000 0.498437 1.000000 0.462500 1.000000 0.431250 0.992188 0.425000 0.921875 0.325000 0.931250 0.309375 0.928125 0.293750 0.904687 0.278125 0.895312 0.234375 0.887500 0.226562 0.870313 0.226562 0.862500 0.248438 0.851562 0.259375 0.837500 0.260937 0.825000 0.270313 0.815625 0.293750 0.818750 0.306250 0.803125 0.329688 0.800000 0.348438 0.812500 0.360938
0 0.825000 0.339062 0.875000 0.345313 0.885938 0.371875 0.912500 0.395313 0.917188 0.412500 0.953125 0.467187 1.000000 0.506250 1.000000 0.526563 1.000000 0.531250 1.000000 0.526563 1.000000 0.495312 1.000000 0.462500 0.995313 0.425000 0.982812 0.428125 0.970313 0.421875 0.951562 0.382812 0.907813 0.348438 0.885938 0.312500 0.867188 0.307812 0.854688 0.275000 0.843750 0.281250 0.842187 0.312500 0.803125 0.332813 0.803125 0.348438 0.825000 0.339062
0 0.792188 0.450000 0.843750 0.450000 0.843750 0.476562 0.823438 0.493750 0.825000 0.507812 0.832812 0.514062 0.848437 0.518750 0.885938 0.503125 0.914062 0.517188 0.935937 0.507812 0.937500 0.489063 0.931250 0.481250 0.903125 0.473438 0.878125 0.439063 0.839063 0.401562 0.801562 0.393750 0.779687 0.412500 0.778125 0.432812 0.792188 0.450000
0 0.956250 0.025000 0.998437 0.023438 1.000000 0.000000 0.979688 0.000000 0.946875 0.000000 0.943750 0.010937 0.956250 0.025000
