0 0.000000 0.510938 0.000000 0.542188 0.000000 0.565625 0.000000 0.590625 0.000000 0.610938 0.000000 0.643750 0.000000 0.657813 0.000000 0.657813 0.000000 0.643750 0.017969 0.621875 0.054688 0.612500 0.053125 0.606250 0.062500 0.595313 0.059375 0.584375 0.037500 0.565625 0.025000 0.542188 0.042188 0.509375 0.078125 0.476562 0.079687 0.451562 0.098437 0.390625 0.139063 0.329688 0.146875 0.312500 0.145313 0.298438 0.134375 0.292187 0.107813 0.325000 0.089063 0.317188 0.068750 0.317188 0.065625 0.323437 0.042188 0.317188 0.042188 0.304688 0.032813 0.295312 0.020313 0.293750 0.017188 0.315625 0.029687 0.332813 0.042188 0.339062 0.054688 0.368750 0.056250 0.400000 0.050000 0.417187 0.012500 0.443750 0.006250 0.456250 0.000000 0.446875 0.000000 0.409375 0.000000 0.404687 0.000000 0.417187 0.000000 0.470313 0.000000 0.510938
0 0.125000 0.503125 0.131250 0.525000 0.117188 0.568750 0.093750 0.595313 0.081250 0.662500 0.040625 0.726562 0.040625 0.750000 0.048438 0.765625 0.045312 0.778125 0.089063 0.756250 0.098437 0.712500 0.103125 0.710938 0.098437 0.698438 0.117188 0.654687 0.137500 0.628125 0.160938 0.621875 0.167187 0.610938 0.175000 0.585938 0.170313 0.560937 0.179688 0.546875 0.181250 0.509375 0.196875 0.489063 0.206250 0.460938 0.231250 0.432812 0.248438 0.365625 0.226562 0.360938 0.209375 0.370312 0.181250 0.425000 0.156250 0.445312 0.142187 0.440625 0.112500 0.406250 0.107813 0.412500 0.128125 0.456250 0.125000 0.503125
0 0.170313 0.828125 0.185938 0.782813 0.248438 0.737500 0.242188 0.706250 0.275000 0.631250 0.329688 0.607812 0.337500 0.575000 0.315625 0.560937 0.312500 0.535937 0.317188 0.514062 0.332813 0.495312 0.387500 0.475000 0.393750 0.467187 0.392188 0.453125 0.375000 0.437500 0.379688 0.370312 0.373437 0.364063 0.367188 0.364063 0.356250 0.378125 0.342187 0.381250 0.346875 0.400000 0.335938 0.426563 0.309375 0.448437 0.301563 0.471875 0.278125 0.500000 0.265625 0.567187 0.235937 0.620313 0.215625 0.634375 0.196875 0.689063 0.173437 0.709375 0.150000 0.743750 0.143750 0.784375 0.143750 0.809375 0.170313 0.828125
0 0.042188 0.597395 0.050000 0.637500 0.060937 0.662500 0.071875 0.665625 0.068750 0.590625 0.035937 0.557813 0.031250 0.560937 0.025000 0.571875 0.042188 0.597395
0 0.071875 0.700000 0.082812 0.690625 0.073438 0.681250 0.067187 0.682813 0.065625 0.696875 0.071875 0.700000
0 0.400000 0.470313 0.470313 0.459375 0.478125 0.453125 0.476562 0.445312 0.521875 0.426563 0.520312 0.387500 0.484375 0.379688 0.475000 0.406250 0.460938 0.421875 0.387500 0.448437 0.384375 0.459375 0.400000 0.470313
0 0.614062 0.421875 0.617188 0.421875 0.617188 0.419531 0.614062 0.419531 0.614062 0.421875
0 0.465625 0.195312 0.504687 0.185938 0.535937 0.187500 0.539062 0.181250 0.521875 0.148438 0.518750 0.123438 0.503125 0.112500 0.484375 0.118750 0.451562 0.156250 0.435937 0.165625 0.435937 0.173437 0.465625 0.195312
0 0.417187 0.226562 0.428125 0.235937 0.445312 0.232813 0.453125 0.217188 0.439063 0.187500 0.423438 0.179688 0.410938 0.192188 0.409375 0.209375 0.417187 0.226562
0 0.260937 0.209375 0.276562 0.215625 0.296875 0.209375 0.278125 0.160938 0.253125 0.156250 0.234375 0.173437 0.235937 0.189062 0.260937 0.209375
0 0.075000 0.164062 0.101562 0.193750 0.143750 0.187500 0.184375 0.160938 0.181250 0.154688 0.139063 0.157812 0.110937 0.135937 0.071875 0.132812 0.057813 0.143750 0.057813 0.154688 0.075000 0.164062
0 0.118750 0.000000 0.107813 0.017188 0.085938 0.026562 0.064062 0.020313 0.056250 0.007812 0.037500 0.012500 0.025000 0.025000 0.023438 0.043750 0.075000 0.078125 0.107813 0.081250 0.134375 0.062500 0.168750 0.056250 0.175000 0.046875 0.146875 0.000000 0.118750 0.000000
0 0.329688 0.000000 0.321875 0.007812 0.312500 0.035937 0.318750 0.056250 0.378125 0.060937 0.398438 0.053125 0.404687 0.043750 0.396875 0.025000 0.380208 0.025000 0.382812 0.000000 0.329688 0.000000
0 0.614062 0.192188 0.643750 0.193750 0.653125 0.189062 0.659375 0.167187 0.631250 0.085938 0.620313 0.090625 0.623437 0.096875 0.610938 0.114062 0.609375 0.139063 0.592187 0.156250 0.593750 0.173437 0.614062 0.192188
0 0.601562 0.318750 0.620313 0.301563 0.604688 0.285938 0.581250 0.289062 0.575000 0.300000 0.576562 0.321875 0.601562 0.318750
0 0.318750 0.200000 0.337500 0.201563 0.356250 0.192188 0.354687 0.181250 0.332813 0.164062 0.320312 0.164062 0.310937 0.181250 0.309375 0.192188 0.318750 0.200000
0 0.351562 0.337500 0.379688 0.334375 0.387500 0.317188 0.385937 0.306250 0.353125 0.303125 0.343750 0.309375 0.342187 0.325000 0.351562 0.337500
0 0.353125 0.395313 0.378125 0.384375 0.382812 0.364063 0.354687 0.353125 0.335938 0.356250 0.335938 0.373437 0.353125 0.395313
0 0.275000 0.332813 0.290625 0.326562 0.289062 0.310937 0.276562 0.307812 0.267188 0.314063 0.264062 0.323437 0.275000 0.332813
0 0.345313 0.610938 0.437500 0.573438 0.435937 0.551562 0.450000 0.521875 0.492188 0.490625 0.535937 0.501563 0.587500 0.495312 0.603125 0.482812 0.612500 0.454688 0.637500 0.437500 0.640625 0.421875 0.635938 0.409375 0.629687 0.403125 0.612500 0.404687 0.596875 0.432812 0.551562 0.429688 0.529687 0.423438 0.528125 0.392188 0.521875 0.387500 0.507812 0.395313 0.495312 0.382812 0.485938 0.382812 0.478125 0.412500 0.465625 0.431250 0.415625 0.442188 0.385937 0.459375 0.410938 0.498437 0.401562 0.543750 0.387500 0.562500 0.326562 0.590625 0.325000 0.612500 0.345313 0.610938
0 0.606250 0.437500 0.639062 0.471875 0.660937 0.471875 0.668750 0.456250 0.646875 0.440625 0.637500 0.407813 0.618750 0.403125 0.607812 0.412500 0.603125 0.423438 0.606250 0.437500
0 0.337500 0.743750 0.337500 0.751563 0.320312 0.754687 0.304688 0.790625 0.292187 0.798437 0.303125 0.804688 0.321875 0.803125 0.329688 0.765625 0.426563 0.748437 0.462500 0.751563 0.478125 0.739062 0.582812 0.756250 0.628125 0.757812 0.681250 0.779687 0.704688 0.745313 0.734375 0.720313 0.721875 0.709375 0.689063 0.712500 0.653125 0.706250 0.632812 0.712500 0.612500 0.700000 0.579688 0.710938 0.545312 0.710938 0.515625 0.692187 0.520312 0.659375 0.484375 0.667188 0.478125 0.687500 0.464062 0.703125 0.446875 0.710938 0.417187 0.714063 0.395313 0.701562 0.379688 0.706250 0.364063 0.695312 0.368750 0.685937 0.365625 0.675000 0.370312 0.673438 0.364063 0.667188 0.335938 0.696875 0.359375 0.717187 0.337500 0.743750
0 0.357812 0.682813 0.387500 0.692187 0.401562 0.692187 0.439063 0.646875 0.462500 0.656250 0.493750 0.643750 0.503125 0.623437 0.537500 0.604688 0.548438 0.576562 0.556250 0.571875 0.548438 0.564063 0.551562 0.557813 0.567187 0.548438 0.559375 0.545312 0.559375 0.537500 0.578125 0.525000 0.596875 0.501563 0.607812 0.476562 0.604688 0.467187 0.562500 0.501563 0.553125 0.520312 0.543750 0.525000 0.546875 0.531250 0.501563 0.578125 0.478125 0.571875 0.445312 0.575000 0.387500 0.631250 0.360938 0.637500 0.353125 0.675000 0.357812 0.682813
0 0.212500 0.737500 0.209375 0.751563 0.220312 0.757812 0.270313 0.756250 0.314063 0.721875 0.312500 0.715625 0.293750 0.714063 0.267188 0.726562 0.225000 0.717187 0.220312 0.707812 0.203125 0.712500 0.198437 0.714063 0.212500 0.737500
0 0.003125 0.782813 0.003125 0.804688 0.000000 0.898438 0.000000 0.900000 0.000000 0.915625 0.014063 0.898438 0.048438 0.851562 0.045312 0.832812 0.037500 0.829688 0.037500 0.807813 0.062500 0.760938 0.056250 0.753125 0.046875 0.754687 0.032813 0.737500 0.001563 0.735938 0.000000 0.765625 0.000000 0.778125 0.003125 0.782813
0 0.068750 0.928125 0.065625 0.959375 0.054688 0.981250 0.062500 0.995313 0.101562 0.987500 0.120313 0.926562 0.143750 0.907813 0.176563 0.898438 0.198437 0.871875 0.198437 0.865625 0.175000 0.850000 0.159375 0.804688 0.162500 0.796875 0.153125 0.790625 0.137500 0.800000 0.139063 0.809375 0.129688 0.826562 0.106250 0.856250 0.050000 0.851562 0.040625 0.868750 0.068750 0.928125
0 0.234375 0.967187 0.264062 0.925000 0.284375 0.910937 0.346875 0.918750 0.381250 0.903125 0.621875 0.926562 0.629687 0.915625 0.629687 0.903125 0.646875 0.896875 0.654687 0.884375 0.643750 0.853125 0.635938 0.848437 0.600000 0.851562 0.570312 0.839063 0.564063 0.817187 0.554688 0.807813 0.526563 0.840625 0.493750 0.848437 0.412500 0.818750 0.378125 0.850000 0.345313 0.853125 0.325000 0.845313 0.285938 0.859375 0.226562 0.914062 0.209375 0.940625 0.203125 0.981250 0.234375 0.967187
0 0.184375 0.885938 0.281250 0.854688 0.304688 0.831250 0.312500 0.796875 0.278125 0.785937 0.273438 0.817187 0.264062 0.832812 0.229687 0.851562 0.187500 0.864062 0.181250 0.875000 0.184375 0.885938
0 0.475000 0.593750 0.476562 0.609375 0.495312 0.617188 0.598437 0.629687 0.620313 0.657813 0.628125 0.659375 0.643750 0.632812 0.678125 0.615625 0.696875 0.612500 0.750000 0.632812 0.781250 0.603125 0.776563 0.573438 0.740625 0.559375 0.729688 0.548438 0.726562 0.514062 0.712500 0.501563 0.700000 0.504687 0.681250 0.539062 0.642188 0.570312 0.615625 0.570312 0.595313 0.559375 0.567187 0.554688 0.560937 0.534375 0.534375 0.571875 0.475000 0.593750
