0 0.000000 0.600000 0.000000 0.610938 0.012500 0.609375 0.025000 0.620313 0.026562 0.632812 0.017188 0.653125 0.020313 0.664062 0.035937 0.662500 0.070312 0.628125 0.098437 0.620313 0.106250 0.609375 0.104688 0.556250 0.110937 0.534375 0.081250 0.513281 0.092188 0.478125 0.087500 0.465625 0.076563 0.471875 0.053125 0.504687 0.045312 0.525000 0.025000 0.542188 0.009375 0.528125 0.006250 0.503125 0.000000 0.493750 0.000000 0.500000 0.000000 0.539062 0.000000 0.553125 0.000000 0.600000
0 0.123438 0.656250 0.132812 0.660937 0.153125 0.657813 0.162500 0.650000 0.167187 0.634375 0.162500 0.590625 0.139063 0.564063 0.126562 0.564063 0.115625 0.578125 0.112500 0.617188 0.123438 0.656250
0 0.107813 0.620313 0.120313 0.668750 0.157812 0.660937 0.184375 0.670312 0.240625 0.675000 0.279687 0.673438 0.303125 0.665625 0.404687 0.675000 0.437500 0.662500 0.437500 0.648438 0.418750 0.626563 0.390625 0.621875 0.376563 0.628125 0.337500 0.604688 0.325000 0.603125 0.312500 0.585938 0.318750 0.579688 0.314063 0.548438 0.304688 0.543750 0.264062 0.556250 0.265625 0.573438 0.231250 0.579688 0.223438 0.557813 0.204687 0.546875 0.187500 0.556250 0.181250 0.584375 0.160938 0.584375 0.137500 0.562500 0.115625 0.570312 0.107813 0.579688 0.107813 0.620313
0 0.414062 0.565625 0.401562 0.573438 0.401562 0.581250 0.432812 0.604688 0.453125 0.639062 0.467187 0.637500 0.495312 0.650000 0.515625 0.603125 0.535937 0.582812 0.537500 0.559375 0.528125 0.537500 0.546875 0.459375 0.490625 0.421875 0.473438 0.420312 0.467187 0.426563 0.476562 0.464062 0.414062 0.565625
0 0.528125 0.667188 0.562500 0.670312 0.593750 0.657813 0.595313 0.650000 0.585938 0.634375 0.546875 0.600000 0.534375 0.601562 0.518750 0.632812 0.515625 0.656250 0.528125 0.667188
0 0.604688 0.662500 0.628125 0.667188 0.645312 0.650000 0.639062 0.628125 0.643750 0.579688 0.635938 0.568750 0.610938 0.565625 0.596875 0.553125 0.585938 0.554688 0.579688 0.565625 0.576562 0.617188 0.604688 0.662500
0 0.668750 0.667188 0.770312 0.651563 0.775000 0.612500 0.787500 0.596875 0.787500 0.573438 0.781250 0.557813 0.771875 0.560937 0.757812 0.554688 0.754687 0.542188 0.765625 0.515625 0.760938 0.496875 0.789062 0.454688 0.787500 0.428125 0.765625 0.426563 0.742188 0.434375 0.717187 0.465625 0.712500 0.484375 0.720313 0.521875 0.693750 0.589063 0.700000 0.604688 0.690625 0.614062 0.660937 0.623437 0.651563 0.637500 0.651563 0.656250 0.668750 0.667188
0 0.779687 0.650000 0.809375 0.648438 0.828125 0.654687 0.892188 0.645312 0.940625 0.653125 0.950000 0.645312 0.939063 0.614062 0.948438 0.584375 0.932813 0.570312 0.898438 0.571875 0.867188 0.565625 0.829688 0.585938 0.801562 0.587500 0.773438 0.612500 0.770312 0.634375 0.779687 0.650000
0 0.956250 0.626563 0.956250 0.651563 0.979688 0.656250 1.000000 0.645312 1.000000 0.645312 1.000000 0.640625 1.000000 0.550000 1.000000 0.526563 1.000000 0.514062 0.987500 0.532813 0.979688 0.556250 0.960938 0.567187 0.956250 0.578125 0.973437 0.603125 0.956250 0.626563
0 0.326562 0.410938 0.320312 0.417187 0.295312 0.412500 0.285938 0.432812 0.300000 0.454688 0.325000 0.475000 0.348438 0.510938 0.348438 0.535937 0.335938 0.584375 0.337500 0.600000 0.346875 0.606250 0.357812 0.596875 0.367188 0.573438 0.375000 0.543750 0.373437 0.520312 0.382812 0.495312 0.420312 0.454688 0.426563 0.439063 0.420312 0.428125 0.387500 0.420312 0.398438 0.379688 0.373437 0.329688 0.382812 0.281250 0.400000 0.264062 0.396875 0.246875 0.403125 0.240625 0.395313 0.223438 0.381250 0.226562 0.356250 0.253125 0.360938 0.282813 0.345313 0.312500 0.334375 0.318750 0.307812 0.314063 0.326562 0.350000 0.326562 0.410938
0 0.160938 0.250000 0.164062 0.270313 0.195312 0.295312 0.254688 0.303125 0.293750 0.315625 0.300000 0.312500 0.293750 0.298438 0.242188 0.271875 0.234375 0.256250 0.246875 0.235937 0.245312 0.221875 0.225000 0.220312 0.198437 0.200000 0.153125 0.193750 0.142187 0.196875 0.134375 0.207813 0.134375 0.225000 0.160938 0.250000
0 0.151562 0.178125 0.178125 0.171875 0.203125 0.187500 0.239063 0.237500 0.285938 0.276562 0.304688 0.279687 0.309375 0.275000 0.270313 0.215625 0.275000 0.200000 0.290625 0.195312 0.285938 0.157812 0.235937 0.143750 0.214062 0.123438 0.200000 0.090625 0.189062 0.092188 0.175000 0.112500 0.157812 0.123438 0.153125 0.146875 0.145313 0.154688 0.143750 0.168750 0.151562 0.178125
0 0.143750 0.246875 0.176563 0.282813 0.242188 0.309375 0.289062 0.315625 0.310937 0.332813 0.310937 0.342187 0.321875 0.348438 0.321875 0.359375 0.331250 0.368750 0.325000 0.401562 0.342187 0.417187 0.339062 0.428125 0.317188 0.428125 0.300000 0.417187 0.287500 0.431250 0.310937 0.460938 0.337500 0.479687 0.343750 0.457813 0.362500 0.451562 0.370312 0.443750 0.367188 0.434375 0.379688 0.426563 0.381250 0.409375 0.362500 0.403125 0.364063 0.378125 0.407813 0.343750 0.451562 0.342187 0.504687 0.287500 0.515625 0.260937 0.514062 0.250000 0.528125 0.223438 0.509375 0.206250 0.515625 0.190625 0.512500 0.162500 0.551562 0.137500 0.610938 0.140625 0.628125 0.128125 0.634375 0.112500 0.675000 0.087500 0.685937 0.085938 0.687500 0.098437 0.706250 0.101562 0.710938 0.060937 0.729688 0.057813 0.746875 0.045312 0.754687 0.014063 0.735938 0.003125 0.700000 0.015625 0.690625 0.000000 0.653125 0.000000 0.637500 0.000000 0.629687 0.006250 0.603125 0.012500 0.595313 0.032813 0.559375 0.035937 0.551562 0.020313 0.560937 0.000000 0.556250 0.000000 0.545312 0.000000 0.529687 0.000000 0.503125 0.000000 0.485938 0.000000 0.467187 0.037500 0.464062 0.070312 0.453125 0.084375 0.420312 0.068750 0.412500 0.056250 0.398438 0.054688 0.373437 0.056250 0.350000 0.078125 0.337500 0.078125 0.337500 0.118750 0.329688 0.128125 0.326562 0.148438 0.314063 0.150000 0.304688 0.143750 0.287500 0.150000 0.254688 0.148438 0.231250 0.117188 0.229687 0.101562 0.207813 0.101562 0.192188 0.092188 0.153125 0.121875 0.142187 0.151562 0.150000 0.185938 0.134375 0.204687 0.132812 0.217188 0.143750 0.246875
0 0.048438 0.092188 0.062500 0.090625 0.073438 0.078125 0.118750 0.057813 0.129688 0.059375 0.153125 0.042188 0.184375 0.035937 0.198437 0.035937 0.229687 0.054688 0.262500 0.051562 0.282813 0.060937 0.295312 0.059375 0.296875 0.046875 0.287500 0.015625 0.279687 0.009375 0.239063 0.000000 0.215625 0.007812 0.179688 0.006250 0.162500 0.000000 0.126562 0.000000 0.090625 0.000000 0.089063 0.000000 0.100000 0.006250 0.089063 0.025000 0.071875 0.042188 0.045312 0.053125 0.031250 0.068750 0.032813 0.087500 0.048438 0.092188
0 0.540625 0.259375 0.587500 0.246875 0.590625 0.234375 0.570312 0.218750 0.553125 0.226562 0.535937 0.246875 0.534375 0.257812 0.540625 0.259375
0 0.556250 0.218750 0.576562 0.203125 0.587500 0.206250 0.595313 0.200000 0.595313 0.187500 0.579688 0.187500 0.550000 0.204687 0.543750 0.212500 0.556250 0.218750
