0 0.212500 0.370312 0.254688 0.351562 0.320312 0.335938 0.321875 0.323437 0.310937 0.296875 0.315625 0.281250 0.337500 0.253125 0.359375 0.242188 0.414062 0.246875 0.470313 0.229687 0.490625 0.195312 0.492188 0.178125 0.475000 0.175000 0.457813 0.184375 0.360938 0.200000 0.228125 0.332813 0.210938 0.339062 0.193750 0.354687 0.196875 0.367188 0.212500 0.370312
0 0.225000 0.356250 0.264062 0.354687 0.268750 0.350000 0.331250 0.360938 0.389062 0.350000 0.414062 0.357812 0.470313 0.390625 0.470313 0.396875 0.485938 0.407813 0.496875 0.375000 0.495312 0.360938 0.428125 0.295312 0.420312 0.293750 0.390625 0.329688 0.345313 0.329688 0.310937 0.320312 0.295312 0.306250 0.243750 0.329688 0.221875 0.342187 0.225000 0.356250
0 0.142187 0.593750 0.185938 0.579688 0.192188 0.556250 0.207813 0.537500 0.234375 0.528125 0.256250 0.535937 0.278125 0.568750 0.300000 0.575000 0.309375 0.562500 0.300000 0.531250 0.318750 0.517188 0.367188 0.509375 0.418750 0.539062 0.428125 0.532813 0.428125 0.517188 0.393750 0.478125 0.359375 0.462500 0.342187 0.443750 0.325000 0.457813 0.273438 0.473438 0.176563 0.525000 0.175000 0.542188 0.142187 0.554688 0.132812 0.584375 0.131250 0.590625 0.142187 0.593750
0 0.003125 0.000000 0.003125 0.004687 0.000000 0.098437 0.000000 0.100000 0.000000 0.115625 0.014063 0.098437 0.048438 0.051562 0.045312 0.032813 0.037500 0.029687 0.037500 0.007812 0.062500 0.000000 0.056250 0.000000 0.046875 0.000000 0.032813 0.000000 0.001563 0.000000 0.000000 0.000000 0.000000 0.000000 0.003125 0.000000
0 0.000000 0.650000 0.000000 0.660937 0.014063 0.651563 0.031250 0.639062 0.032813 0.620313 0.051562 0.582812 0.053125 0.556250 0.067187 0.532813 0.103125 0.521875 0.137500 0.534375 0.162500 0.521875 0.167187 0.512500 0.201563 0.507812 0.210938 0.484375 0.204687 0.481250 0.209375 0.456250 0.221875 0.442188 0.217188 0.432812 0.220312 0.417187 0.203125 0.403125 0.182812 0.450000 0.171875 0.456250 0.132812 0.454688 0.115625 0.425000 0.123438 0.418750 0.132812 0.389062 0.098437 0.371875 0.084375 0.371875 0.070312 0.381250 0.068750 0.428125 0.060937 0.456250 0.051562 0.475000 0.026562 0.495312 0.012500 0.529687 0.000000 0.604688 0.000000 0.650000
0 0.000000 0.268750 0.000000 0.292187 0.000000 0.309375 0.000000 0.323437 0.000000 0.350000 0.000000 0.357812 0.039062 0.315625 0.046875 0.306250 0.050000 0.282813 0.060937 0.268750 0.104688 0.242188 0.095312 0.196875 0.089063 0.192188 0.067187 0.200000 0.053125 0.193750 0.000000 0.203125 0.000000 0.217188 0.000000 0.228125 0.000000 0.240625 0.000000 0.259375 0.000000 0.268750
0 0.068750 0.128125 0.065625 0.159375 0.054688 0.181250 0.062500 0.195312 0.101562 0.187500 0.120313 0.126562 0.143750 0.107813 0.176563 0.098437 0.198437 0.071875 0.198437 0.065625 0.175000 0.050000 0.159375 0.004687 0.162500 0.000000 0.153125 0.000000 0.137500 0.000000 0.139063 0.009375 0.129688 0.026562 0.106250 0.056250 0.050000 0.051562 0.040625 0.068750 0.068750 0.128125
0 0.234375 0.167187 0.264062 0.125000 0.284375 0.110937 0.346875 0.118750 0.381250 0.103125 0.621875 0.126562 0.629687 0.115625 0.629687 0.103125 0.646875 0.096875 0.654687 0.084375 0.643750 0.053125 0.635938 0.048438 0.600000 0.051562 0.570312 0.039062 0.564063 0.017188 0.554688 0.007812 0.526563 0.040625 0.493750 0.048438 0.412500 0.018750 0.378125 0.050000 0.345313 0.053125 0.325000 0.045312 0.285938 0.059375 0.226562 0.114062 0.209375 0.140625 0.203125 0.181250 0.234375 0.167187
0 0.184375 0.085938 0.281250 0.054688 0.304688 0.031250 0.312500 0.000000 0.278125 0.000000 0.273438 0.017188 0.264062 0.032813 0.229687 0.051562 0.187500 0.064062 0.181250 0.075000 0.184375 0.085938
0 0.025000 0.662500 0.067187 0.678125 0.109375 0.670312 0.118750 0.656250 0.112500 0.648438 0.085938 0.645312 0.028125 0.650000 0.018750 0.656250 0.025000 0.662500
0 0.037500 0.370312 0.054688 0.371875 0.146875 0.331250 0.181250 0.304688 0.190625 0.275000 0.210938 0.251563 0.235937 0.242188 0.256250 0.243750 0.320312 0.218750 0.325000 0.195312 0.337500 0.175000 0.279687 0.196875 0.267188 0.198437 0.251563 0.190625 0.243750 0.175000 0.242188 0.151562 0.257812 0.121875 0.242188 0.125000 0.209375 0.151562 0.196875 0.198437 0.153125 0.253125 0.129688 0.310937 0.103125 0.328125 0.064062 0.334375 0.045312 0.343750 0.037500 0.354687 0.037500 0.370312
0 0.107813 0.403125 0.117188 0.403125 0.137500 0.387500 0.193750 0.376563 0.195312 0.356250 0.203125 0.346875 0.189062 0.334375 0.168750 0.335938 0.154688 0.345313 0.112500 0.353125 0.103125 0.365625 0.098437 0.381250 0.107813 0.403125
0 0.234375 0.437500 0.251563 0.435937 0.278125 0.392188 0.298438 0.390625 0.328125 0.414062 0.345313 0.404687 0.345313 0.389062 0.325000 0.367188 0.279687 0.360938 0.265625 0.370312 0.242188 0.401562 0.231250 0.425000 0.234375 0.437500
