0 0.068750 0.018750 0.084375 0.050000 0.103125 0.060937 0.110937 0.092188 0.120313 0.092188 0.125000 0.104688 0.182812 0.126562 0.185938 0.145313 0.189062 0.140625 0.195312 0.145313 0.200000 0.128125 0.234375 0.118750 0.256250 0.140625 0.267188 0.164062 0.260937 0.190625 0.303125 0.192188 0.307812 0.187500 0.306250 0.168750 0.279687 0.131250 0.271875 0.098437 0.257812 0.096875 0.221875 0.076563 0.207813 0.081250 0.179688 0.076563 0.123438 0.039062 0.100000 0.000000 0.073438 0.000000 0.067187 0.000000 0.068750 0.018750
0 0.759375 0.006250 0.759375 0.026562 0.746875 0.045312 0.742188 0.085938 0.731250 0.104688 0.732812 0.123438 0.745313 0.129688 0.775000 0.101562 0.789062 0.056250 0.806250 0.026562 0.806250 0.012500 0.798438 0.006250 0.787500 0.000000 0.756250 0.000000 0.739062 0.000000 0.740625 0.000000 0.759375 0.006250
0 0.745313 0.189062 0.750000 0.168750 0.743750 0.139063 0.737500 0.137500 0.728125 0.148438 0.726562 0.167187 0.745313 0.189062
0 0.818359 0.055859 0.793750 0.198437 0.771875 0.235937 0.778125 0.271875 0.803125 0.312500 0.807813 0.285938 0.823438 0.254688 0.843750 0.240625 0.854688 0.221875 0.901563 0.039062 0.892188 0.029687 0.881250 0.039062 0.870313 0.039062 0.867188 0.050000 0.846875 0.056250 0.820312 0.025000 0.812500 0.021875 0.809375 0.031250 0.809375 0.045312 0.818359 0.055859
0 0.212500 0.517188 0.228125 0.532813 0.250000 0.526563 0.284375 0.532813 0.304688 0.521875 0.343750 0.520312 0.382812 0.532813 0.393750 0.546875 0.404687 0.546875 0.435937 0.529687 0.495312 0.532813 0.520312 0.526563 0.553125 0.501563 0.535937 0.492188 0.510938 0.493750 0.503125 0.489063 0.479687 0.495312 0.431250 0.476562 0.376563 0.481250 0.354687 0.471875 0.328125 0.446875 0.256250 0.485938 0.221875 0.479687 0.212500 0.484375 0.212500 0.517188
0 0.468750 0.675000 0.521875 0.660937 0.582812 0.678125 0.604688 0.693750 0.646875 0.664062 0.681250 0.676562 0.695312 0.690625 0.700000 0.682813 0.679688 0.648438 0.639062 0.639062 0.635938 0.621875 0.640625 0.618750 0.623437 0.609375 0.568750 0.610938 0.554688 0.626563 0.509375 0.626563 0.459375 0.650000 0.456250 0.665625 0.468750 0.675000
0 0.578125 0.646875 0.601562 0.643750 0.629687 0.651563 0.634375 0.642188 0.646875 0.642188 0.660937 0.653125 0.695312 0.640625 0.728125 0.645312 0.767188 0.664062 0.789062 0.662500 0.821875 0.679688 0.865625 0.737500 0.885938 0.739062 0.875000 0.681250 0.885938 0.667188 0.889062 0.643750 0.881250 0.631250 0.843750 0.618750 0.829688 0.603125 0.770312 0.595313 0.765625 0.610938 0.748437 0.612500 0.743750 0.603125 0.720313 0.614062 0.643750 0.601562 0.565625 0.617188 0.567187 0.639062 0.578125 0.646875
0 0.925000 0.320312 0.925000 0.331250 0.943750 0.351562 0.939063 0.370312 0.917188 0.384375 0.940625 0.393750 0.962500 0.415625 0.934375 0.440625 0.937500 0.464062 0.954688 0.478125 0.956250 0.528125 0.962500 0.534375 1.000000 0.523438 1.000000 0.507812 1.000000 0.490625 1.000000 0.465625 0.998437 0.446875 1.000000 0.410938 1.000000 0.375000 1.000000 0.332813 1.000000 0.295312 1.000000 0.270313 1.000000 0.270313 0.981250 0.245312 0.954688 0.250000 0.928125 0.232813 0.912500 0.270313 0.909375 0.320312 0.925000 0.320312
0 0.523438 0.068750 0.514062 0.081250 0.542188 0.100000 0.559375 0.156250 0.559375 0.235937 0.603125 0.253125 0.632812 0.303125 0.670312 0.337500 0.678125 0.342187 0.687500 0.339062 0.675000 0.312500 0.676562 0.268750 0.687500 0.251563 0.675000 0.254688 0.603125 0.159375 0.604688 0.137500 0.620313 0.103125 0.615625 0.068750 0.604688 0.056250 0.582812 0.065625 0.554688 0.059375 0.532813 0.023438 0.535937 0.000000 0.531250 0.000000 0.514062 0.000000 0.512500 0.007812 0.510938 0.057813 0.523438 0.068750
0 0.701562 0.460938 0.726562 0.487500 0.770312 0.506250 0.775000 0.501563 0.770312 0.482812 0.757812 0.481250 0.737500 0.443750 0.731250 0.378125 0.706250 0.346875 0.675000 0.329688 0.690625 0.375000 0.701562 0.460938
0 0.429688 0.157812 0.426563 0.176563 0.450000 0.201563 0.457813 0.220312 0.453125 0.223438 0.457813 0.239063 0.451562 0.246875 0.473438 0.267188 0.487500 0.293750 0.492188 0.318750 0.510938 0.340625 0.604688 0.389062 0.664062 0.393750 0.696875 0.425000 0.696875 0.417187 0.707812 0.407813 0.704688 0.381250 0.698438 0.385937 0.682813 0.378125 0.670312 0.359375 0.656250 0.359375 0.628125 0.329688 0.612500 0.325000 0.578125 0.335938 0.546875 0.317188 0.504687 0.229687 0.484375 0.212500 0.459375 0.170313 0.459375 0.140625 0.428125 0.106250 0.417187 0.110937 0.415625 0.129688 0.429688 0.157812
0 0.029687 0.234375 0.039062 0.246875 0.067187 0.254688 0.087500 0.275000 0.103125 0.275000 0.159375 0.242188 0.214062 0.253125 0.307812 0.243750 0.376563 0.262500 0.435937 0.248438 0.456250 0.254688 0.485938 0.275000 0.506250 0.265625 0.503125 0.242188 0.478125 0.220312 0.478125 0.210938 0.434375 0.204687 0.428125 0.198437 0.376563 0.206250 0.337500 0.190625 0.329688 0.175000 0.287500 0.168750 0.270313 0.190625 0.220312 0.196875 0.203125 0.190625 0.195312 0.176563 0.165625 0.165625 0.164062 0.150000 0.153125 0.145313 0.143750 0.153125 0.157812 0.162500 0.160938 0.178125 0.156250 0.190625 0.118750 0.181250 0.085938 0.198437 0.060937 0.195312 0.045312 0.185938 0.037500 0.192188 0.037500 0.214062 0.029687 0.234375
0 0.537500 0.551562 0.545312 0.556250 0.553125 0.550000 0.551562 0.540625 0.581250 0.535937 0.603125 0.545312 0.618750 0.560937 0.623437 0.582812 0.615625 0.601562 0.607812 0.603125 0.695312 0.628125 0.712500 0.628125 0.723437 0.620313 0.742188 0.621875 0.743750 0.592187 0.725000 0.607812 0.712500 0.606250 0.687500 0.581250 0.684375 0.554688 0.696875 0.548438 0.687500 0.535937 0.659375 0.535937 0.628125 0.526563 0.598437 0.506250 0.571875 0.496875 0.540625 0.507812 0.534375 0.531250 0.537500 0.551562
0 0.768750 0.739062 0.751563 0.718750 0.745313 0.690625 0.709375 0.693750 0.704688 0.709375 0.702106 0.739062 0.768750 0.739062
0 1.000000 0.739062 0.998437 0.650000 1.000000 0.645312 0.998437 0.626563 0.953125 0.585938 0.929688 0.585938 0.948438 0.631250 0.951562 0.665625 0.960938 0.671875 0.981250 0.712500 0.970313 0.739062 1.000000 0.739062
0 0.804031 0.509898 0.804688 0.509898 0.804688 0.507289 0.804031 0.507289 0.804031 0.509898
0 0.848437 0.518750 0.904687 0.539062 0.903125 0.514062 0.856250 0.482812 0.843750 0.482812 0.828125 0.495312 0.826562 0.501563 0.848437 0.518750
0 0.745313 0.531250 0.764062 0.559375 0.776563 0.614062 0.793750 0.626563 0.837500 0.693750 0.843750 0.698438 0.859375 0.693750 0.864062 0.689063 0.862500 0.626563 0.815625 0.582812 0.809375 0.554688 0.818750 0.525000 0.812500 0.507812 0.795312 0.484375 0.770312 0.482812 0.750000 0.500000 0.742188 0.507812 0.745313 0.531250
0 0.393750 0.373437 0.417187 0.368750 0.470313 0.392188 0.484375 0.389062 0.523438 0.409375 0.590625 0.484375 0.642188 0.487500 0.726562 0.520312 0.746875 0.509375 0.764062 0.509375 0.734375 0.496875 0.728125 0.482812 0.689063 0.462500 0.664062 0.464062 0.620313 0.453125 0.587500 0.406250 0.490625 0.357812 0.395313 0.323437 0.378125 0.328125 0.362500 0.351562 0.360938 0.365625 0.393750 0.373437
0 0.335938 0.406250 0.357812 0.390625 0.374480 0.390625 0.410938 0.412500 0.423438 0.409375 0.379688 0.378125 0.357812 0.375000 0.334375 0.382812 0.328125 0.403125 0.335938 0.406250
0 0.223438 0.528125 0.395313 0.548438 0.431250 0.531250 0.456250 0.526563 0.504687 0.534375 0.571875 0.517188 0.579688 0.509375 0.529687 0.490625 0.465625 0.454688 0.437500 0.417187 0.420312 0.428125 0.423438 0.473438 0.410938 0.479687 0.367188 0.478125 0.332813 0.450000 0.326562 0.435937 0.315625 0.453125 0.259375 0.489063 0.234375 0.481250 0.214062 0.484375 0.214062 0.515625 0.223438 0.528125
0 0.579688 0.000000 0.629687 0.003125 0.660937 0.092188 0.668750 0.100000 0.687500 0.098437 0.692187 0.084375 0.682813 0.075000 0.645312 0.000000 0.593750 0.000000 0.578125 0.000000 0.579688 0.000000
0 0.217188 0.064062 0.293750 0.095312 0.379688 0.104688 0.365625 0.089063 0.317188 0.068750 0.250000 0.018750 0.221875 0.004687 0.209375 0.007812 0.195312 0.045312 0.217188 0.064062
0 0.037117 0.096484 0.039070 0.096484 0.039070 0.092578 0.037117 0.092578 0.037117 0.096484
0 0.078125 0.029687 0.103125 0.028125 0.095312 0.000000 0.082812 0.000000 0.070312 0.000000 0.070312 0.017188 0.078125 0.029687
0 0.048438 0.125000 0.081250 0.115625 0.103125 0.120313 0.126562 0.137500 0.139063 0.157812 0.162500 0.165625 0.162500 0.103125 0.137500 0.090625 0.106250 0.050000 0.076563 0.042188 0.045312 0.056250 0.031250 0.090625 0.035937 0.121875 0.048438 0.125000
0 0.889062 0.354687 0.907813 0.359375 0.923438 0.351562 0.925000 0.339062 0.895312 0.317188 0.885938 0.337500 0.889062 0.354687
0 0.778125 0.382812 0.803125 0.390625 0.826562 0.418750 0.832812 0.448437 0.864062 0.448437 0.887500 0.396875 0.870313 0.343750 0.803125 0.298438 0.800000 0.314063 0.775000 0.328125 0.762500 0.353125 0.760938 0.368750 0.778125 0.382812
