0 0.000000 0.506250 0.032813 0.506250 0.050000 0.514062 0.059375 0.532813 0.018750 0.546875 0.015625 0.567187 0.028125 0.578125 0.060937 0.585938 0.070312 0.612500 0.096875 0.621875 0.150000 0.623437 0.234375 0.646875 0.279687 0.696875 0.282813 0.737500 0.273438 0.781250 0.287500 0.803125 0.271875 0.820312 0.250000 0.807813 0.226562 0.807813 0.215625 0.818750 0.215625 0.835938 0.239063 0.871875 0.264062 0.890625 0.298438 0.929688 0.314063 0.957812 0.317188 0.985938 0.296875 1.000000 0.296875 1.000000 0.278125 1.000000 0.267188 1.000000 0.262500 1.000000 0.254688 1.000000 0.232813 1.000000 0.192188 1.000000 0.175000 1.000000 0.175000 1.000000 0.129688 1.000000 0.109375 1.000000 0.087500 1.000000 0.071875 1.000000 0.060937 1.000000 0.054688 1.000000 0.035937 1.000000 0.031250 1.000000 0.021875 1.000000 0.000000 1.000000 0.000000 1.000000 0.000000 1.000000 0.000000 1.000000 0.000000 1.000000 0.000000 1.000000 0.000000 1.000000 0.000000 1.000000 0.000000 1.000000 0.000000 1.000000 0.020313 1.000000 0.032813 1.000000 0.043750 1.000000 0.059375 1.000000 0.070312 1.000000 0.095312 1.000000 0.112500 1.000000 0.154688 1.000000 0.196875 1.000000 0.265625 1.000000 0.350000 1.000000 0.364063 1.000000 0.354687 1.000000 0.329688 1.000000 0.320312 1.000000 0.339062 1.000000 0.353125 1.000000 0.351562 0.975000 0.368750 0.929688 0.396875 0.906250 0.437500 0.851562 0.437500 0.839063 0.421875 0.825000 0.404687 0.823438 0.376563 0.832812 0.360938 0.820312 0.384375 0.779687 0.390625 0.754687 0.379688 0.739062 0.343750 0.729688 0.334375 0.704688 0.334375 0.690625 0.350000 0.654687 0.357812 0.593750 0.368750 0.570312 0.385937 0.565625 0.387500 0.559375 0.418750 0.565625 0.417187 0.543750 0.400000 0.539062 0.403125 0.529687 0.395313 0.515625 0.395313 0.500000 0.375000 0.498437 0.360938 0.487500 0.320312 0.540625 0.317188 0.571875 0.329688 0.585938 0.331250 0.601562 0.306250 0.648438 0.298438 0.653125 0.237500 0.629687 0.218750 0.612500 0.175000 0.589063 0.140625 0.581250 0.128125 0.548438 0.089063 0.534375 0.020313 0.462500 0.000000 0.460938 0.000000 0.465625 0.000000 0.481250 0.000000 0.495312 0.000000 0.506250
0 0.366016 0.664062 0.392578 0.731250 0.392578 0.765625 0.411328 0.785937 0.405078 0.823438 0.416016 0.825000 0.456641 0.782813 0.456641 0.764062 0.450391 0.757812 0.437891 0.757812 0.422266 0.689063 0.444141 0.675000 0.434766 0.651563 0.437891 0.637500 0.450391 0.623437 0.478516 0.618750 0.492578 0.609375 0.506641 0.554688 0.523828 0.531250 0.598828 0.490625 0.597266 0.378125 0.591016 0.371875 0.576953 0.375000 0.570703 0.384375 0.523828 0.392188 0.506641 0.403125 0.467578 0.473438 0.451953 0.564063 0.437891 0.567187 0.412891 0.553125 0.389453 0.573438 0.366016 0.581250 0.372266 0.609375 0.366016 0.664062
0 0.678125 0.285938 0.682813 0.317188 0.678125 0.339062 0.684375 0.348438 0.704688 0.346875 0.731250 0.359375 0.746875 0.353125 0.745313 0.315625 0.768750 0.264062 0.796875 0.237500 0.873437 0.243750 0.906250 0.228125 0.929688 0.228125 0.946875 0.215625 0.957812 0.196875 0.962500 0.165625 0.951562 0.153125 0.921875 0.151562 0.873437 0.175000 0.862500 0.150000 0.867188 0.137500 0.857812 0.125000 0.826562 0.121875 0.812500 0.104688 0.798438 0.101562 0.784375 0.110937 0.768750 0.153125 0.728125 0.167187 0.712500 0.181250 0.715625 0.223438 0.678125 0.285938
0 0.623437 0.559375 0.651563 0.543750 0.696875 0.537500 0.703125 0.528125 0.695312 0.512500 0.660937 0.501563 0.618750 0.529687 0.609375 0.553125 0.623437 0.559375
0 0.628125 0.495312 0.678125 0.468750 0.709375 0.462500 0.717187 0.453125 0.717187 0.440625 0.710938 0.435937 0.676562 0.440625 0.620313 0.482812 0.620313 0.492188 0.628125 0.495312
0 0.000000 0.139063 0.000000 0.142187 0.000000 0.160938 0.000000 0.190625 0.000000 0.203125 0.023438 0.204687 0.070312 0.193750 0.112500 0.212500 0.117188 0.228125 0.125000 0.232813 0.167187 0.217188 0.203125 0.237500 0.220312 0.239063 0.229687 0.231250 0.228125 0.206250 0.242188 0.179688 0.237500 0.165625 0.214062 0.142187 0.164062 0.145313 0.126562 0.134375 0.114062 0.140625 0.118750 0.162500 0.103125 0.165625 0.095312 0.156250 0.070312 0.150000 0.034375 0.150000 0.000000 0.106250 0.000000 0.115625 0.000000 0.106250 0.000000 0.109375 0.000000 0.123438 0.000000 0.139063
0 0.000000 0.285938 0.000000 0.287500 0.000000 0.282813 0.000000 0.262500 0.000000 0.234375 0.000000 0.218750 0.000000 0.218750 0.054688 0.200000 0.084375 0.203125 0.104688 0.214062 0.121875 0.232813 0.167187 0.220312 0.196875 0.235937 0.221875 0.237500 0.229687 0.221875 0.223438 0.193750 0.214062 0.182812 0.215625 0.168750 0.189062 0.150000 0.170313 0.154688 0.160938 0.145313 0.139063 0.139063 0.128125 0.107813 0.115625 0.093750 0.100000 0.098437 0.098437 0.131250 0.089063 0.140625 0.043750 0.148438 0.031250 0.118750 0.000000 0.114062 0.000000 0.098437 0.000000 0.084375 0.000000 0.101562 0.000000 0.100000 0.000000 0.104688 0.000000 0.126562 0.000000 0.142187 0.000000 0.165625 0.000000 0.175000 0.000000 0.187500 0.000000 0.193750 0.000000 0.210938 0.000000 0.232813 0.000000 0.256250 0.000000 0.278125 0.000000 0.285938
0 0.000000 0.391016 0.000000 0.405078 0.000000 0.416016 0.026953 0.419141 0.048828 0.401953 0.070703 0.414453 0.136328 0.503516 0.155078 0.516016 0.172266 0.537891 0.226953 0.562891 0.239453 0.583203 0.255078 0.583203 0.256641 0.569141 0.248828 0.555078 0.201953 0.526953 0.194141 0.489453 0.183203 0.481641 0.203516 0.444141 0.233203 0.447266 0.225391 0.401953 0.228516 0.367578 0.219141 0.369141 0.216016 0.397266 0.201953 0.397266 0.197266 0.387891 0.176953 0.375391 0.134766 0.366016 0.125391 0.353516 0.091016 0.334766 0.083203 0.292578 0.064453 0.280078 0.053516 0.287891 0.039453 0.316016 0.022266 0.317578 0.006641 0.336328 0.003516 0.373828 0.000000 0.391016
0 0.095312 0.000000 0.095312 0.014063 0.104688 0.028125 0.132812 0.040625 0.139063 0.051562 0.159375 0.057813 0.179688 0.075000 0.237500 0.000000 0.095312 0.000000
0 0.000000 0.028125 0.035937 0.003125 0.051562 0.001563 0.000000 0.000000 0.000000 0.020313 0.000000 0.028125
0 0.337500 0.042188 0.375000 0.025000 0.390625 0.042188 0.393750 0.060937 0.406250 0.068750 0.431250 0.026562 0.465625 0.000000 0.292187 0.001563 0.337500 0.042188
0 0.403125 0.114062 0.412500 0.098437 0.412500 0.084375 0.387500 0.103125 0.385937 0.115625 0.403125 0.114062
0 0.398438 0.165625 0.421875 0.168750 0.429688 0.162500 0.423438 0.143750 0.398438 0.143750 0.392188 0.150000 0.398438 0.165625
0 0.371875 0.223438 0.390625 0.223438 0.396875 0.215625 0.393750 0.207813 0.385937 0.198437 0.373437 0.198437 0.368750 0.204687 0.371875 0.223438
0 0.320312 0.353125 0.340625 0.365625 0.345313 0.393750 0.354687 0.396875 0.382812 0.379688 0.398438 0.382812 0.403125 0.378125 0.417187 0.335938 0.409375 0.307812 0.412500 0.301563 0.421875 0.298438 0.440625 0.306250 0.450000 0.285938 0.462500 0.275000 0.420312 0.242188 0.393750 0.228125 0.379688 0.229687 0.337500 0.246875 0.304688 0.303125 0.304688 0.329688 0.320312 0.353125
0 0.437500 0.695312 0.478125 0.700000 0.492188 0.693750 0.492188 0.678125 0.481250 0.668750 0.437500 0.646875 0.429688 0.653125 0.431250 0.685937 0.437500 0.695312
0 0.426563 0.512500 0.426563 0.550000 0.410938 0.584375 0.414062 0.590625 0.425000 0.596875 0.439063 0.593750 0.501563 0.603125 0.517188 0.596875 0.537500 0.601562 0.545312 0.595313 0.562500 0.557813 0.570312 0.553125 0.571875 0.525000 0.562500 0.500000 0.554688 0.495312 0.554688 0.475000 0.556250 0.450000 0.573438 0.437500 0.571875 0.398438 0.557813 0.387500 0.545312 0.392188 0.534375 0.423438 0.539062 0.432812 0.500000 0.453125 0.470313 0.448437 0.460938 0.435937 0.443750 0.428125 0.440625 0.464062 0.434375 0.470313 0.439063 0.478125 0.426563 0.512500
0 0.304688 0.185938 0.309375 0.162500 0.295312 0.160938 0.293750 0.179688 0.304688 0.185938
