0 0.028125 0.000000 0.031250 0.043750 0.046875 0.051562 0.051562 0.060937 0.054688 0.106250 0.048438 0.157812 0.078125 0.185938 0.089063 0.206250 0.085938 0.215625 0.073438 0.217188 0.085938 0.223438 0.087500 0.234375 0.118750 0.250000 0.142187 0.270313 0.160938 0.331250 0.190625 0.359375 0.164062 0.381250 0.142187 0.381250 0.126562 0.393750 0.126562 0.429688 0.135937 0.432812 0.145313 0.453125 0.229687 0.478125 0.242188 0.490625 0.264062 0.534375 0.256250 0.584375 0.221875 0.600000 0.201563 0.600000 0.187500 0.618750 0.193750 0.623437 0.246875 0.621875 0.270313 0.632812 0.276562 0.648438 0.275000 0.690625 0.365625 0.717187 0.378125 0.745313 0.379688 0.756250 0.370312 0.770313 0.362500 0.803125 0.335938 0.815625 0.331250 0.829688 0.289062 0.828125 0.279687 0.820312 0.265625 0.820312 0.271875 0.856250 0.507812 0.976562 0.543750 1.000000 0.565625 1.000000 0.592187 1.000000 0.579688 1.000000 0.576562 0.912500 0.584375 0.896875 0.582812 0.875000 0.570312 0.860938 0.560937 0.860938 0.553125 0.862500 0.548438 0.878125 0.528125 0.881250 0.525000 0.839063 0.478125 0.803125 0.465625 0.785937 0.462500 0.737500 0.467187 0.715625 0.481250 0.706250 0.482812 0.687500 0.450000 0.621875 0.426563 0.609375 0.254688 0.279687 0.271875 0.257812 0.273438 0.243750 0.264062 0.235937 0.248438 0.237500 0.218750 0.217188 0.132812 0.123438 0.128125 0.075000 0.132812 0.050000 0.151562 0.032813 0.153125 0.000000 0.028125 0.000000
0 0.138680 0.625000 0.183602 0.625000 0.183602 0.621094 0.138680 0.621094 0.138680 0.625000
0 0.000000 0.400000 0.040625 0.409375 0.096875 0.440625 0.140625 0.454688 0.192188 0.457813 0.240625 0.475000 0.270313 0.471875 0.254688 0.456250 0.220312 0.443750 0.176563 0.412500 0.170313 0.387500 0.162500 0.379688 0.145313 0.379688 0.117188 0.392188 0.053125 0.373437 0.032813 0.350000 0.017188 0.301563 0.004687 0.293750 0.000000 0.293750 0.000000 0.400000
0 0.000000 0.687500 0.007812 0.692187 0.010937 0.726562 0.025000 0.720313 0.043750 0.696875 0.060937 0.692187 0.107813 0.695312 0.120313 0.701562 0.150000 0.740625 0.159375 0.776563 0.151562 0.790625 0.156250 0.801562 0.181250 0.803125 0.195312 0.796875 0.198437 0.784375 0.190625 0.767188 0.190625 0.754687 0.196875 0.750000 0.190625 0.740625 0.195312 0.735938 0.175000 0.717187 0.187500 0.707812 0.154688 0.682813 0.145313 0.665625 0.123438 0.664062 0.095312 0.650000 0.095312 0.643750 0.071875 0.642188 0.048438 0.631250 0.009375 0.642188 0.000000 0.659375 0.000000 0.687500
0 0.000000 0.478125 0.021875 0.489063 0.042188 0.512500 0.051562 0.551562 0.090625 0.632812 0.131250 0.643750 0.126562 0.623437 0.148438 0.612500 0.201563 0.625000 0.228125 0.620313 0.209375 0.607812 0.150000 0.589063 0.137500 0.571875 0.126562 0.537500 0.076563 0.485938 0.039062 0.475000 0.004687 0.453125 0.000000 0.453125 0.000000 0.478125
0 0.093750 0.846875 0.129688 0.848437 0.173437 0.840625 0.240625 0.850000 0.278125 0.867188 0.334375 0.865625 0.360938 0.868750 0.368750 0.876563 0.379688 0.868750 0.362500 0.854688 0.331250 0.848437 0.295312 0.831250 0.237500 0.826562 0.195312 0.812500 0.156250 0.814063 0.096875 0.831250 0.062500 0.831250 0.062500 0.835938 0.093750 0.846875
0 0.000000 0.901563 0.109375 0.935937 0.128125 0.967187 0.164062 0.929688 0.193750 0.914062 0.220312 0.915625 0.268750 0.943750 0.307812 1.000000 0.342187 1.000000 0.353125 1.000000 0.345313 0.967187 0.325000 0.956250 0.250000 0.889062 0.209375 0.887500 0.179688 0.870313 0.160938 0.878125 0.135937 0.871875 0.110937 0.887500 0.085938 0.875000 0.045312 0.875000 0.007812 0.862500 0.000000 0.862500 0.000000 0.901563
0 0.070312 0.864062 0.078125 0.876563 0.092188 0.882812 0.109375 0.882812 0.126562 0.895312 0.142187 0.895312 0.143750 0.904687 0.153125 0.910937 0.206250 0.904687 0.228125 0.914062 0.235937 0.910937 0.231250 0.901563 0.178125 0.867188 0.153125 0.867188 0.134375 0.854688 0.129688 0.832812 0.156250 0.826562 0.145313 0.821875 0.092188 0.834375 0.060937 0.832812 0.062500 0.864062 0.070312 0.864062
0 0.000000 0.676562 0.012500 0.678125 0.031250 0.670312 0.040625 0.654687 0.057813 0.657813 0.060937 0.667188 0.070312 0.664062 0.085938 0.671875 0.104688 0.673438 0.109375 0.667188 0.107813 0.654687 0.096875 0.642188 0.053125 0.621875 0.046875 0.612500 0.004687 0.609375 0.000000 0.610938 0.000000 0.676562
0 0.645312 0.793750 0.664062 0.806250 0.685937 0.839063 0.695312 0.843750 0.707812 0.868750 0.709375 0.881250 0.682813 0.900000 0.685937 0.915625 0.740625 0.945312 0.746875 0.925000 0.739062 0.906250 0.756250 0.860938 0.743750 0.856250 0.721875 0.832812 0.710938 0.809375 0.689063 0.790625 0.668750 0.795313 0.662500 0.784375 0.645312 0.781250 0.640625 0.785937 0.645312 0.793750
0 0.741211 0.662117 0.742195 0.662117 0.742195 0.660164 0.741211 0.660164 0.741211 0.662117
0 0.620313 0.317188 0.646875 0.343750 0.684375 0.396875 0.700000 0.407813 0.703125 0.423438 0.712500 0.429688 0.728125 0.460938 0.721875 0.471875 0.709375 0.475000 0.693750 0.453125 0.670312 0.435937 0.650000 0.453125 0.660937 0.470313 0.695312 0.496875 0.707812 0.534375 0.692187 0.571875 0.693750 0.696875 0.704688 0.701562 0.778125 0.684375 0.778125 0.670312 0.764062 0.635938 0.775000 0.595313 0.768750 0.571875 0.759375 0.568750 0.757812 0.554688 0.787500 0.495312 0.812500 0.468750 0.821875 0.446875 0.825000 0.429688 0.803125 0.412500 0.793750 0.390625 0.831250 0.321875 0.831250 0.285938 0.820312 0.278125 0.809375 0.284375 0.795312 0.329688 0.778125 0.346875 0.753125 0.345313 0.742188 0.376563 0.734375 0.381250 0.706250 0.345313 0.714063 0.285938 0.729688 0.253125 0.729688 0.239063 0.679688 0.259375 0.660937 0.250000 0.650000 0.215625 0.642188 0.215625 0.632812 0.234375 0.617188 0.303125 0.620313 0.317188
0 0.585938 0.415625 0.614062 0.425000 0.646875 0.403125 0.612500 0.357812 0.598437 0.354687 0.587500 0.364063 0.579688 0.400000 0.585938 0.415625
0 0.493750 0.000000 0.485938 0.020313 0.460938 0.026562 0.487500 0.079687 0.481250 0.112500 0.456250 0.151562 0.393750 0.179688 0.375000 0.206250 0.385937 0.245312 0.437500 0.350000 0.470313 0.400000 0.481250 0.406250 0.489063 0.401562 0.487500 0.387500 0.464062 0.345313 0.462500 0.289062 0.470313 0.267188 0.506250 0.239063 0.528125 0.200000 0.539062 0.092188 0.560937 0.029687 0.554688 0.025000 0.548438 0.000000 0.493750 0.000000
0 0.334375 0.000000 0.326562 0.028125 0.314063 0.112500 0.335938 0.145313 0.334375 0.192188 0.343750 0.215625 0.362500 0.228125 0.373437 0.217188 0.376563 0.168750 0.365625 0.159375 0.359375 0.140625 0.360938 0.120313 0.351562 0.075000 0.364063 0.048438 0.403125 0.020313 0.400000 0.000000 0.334375 0.000000
0 0.503125 0.653125 0.525000 0.684375 0.570312 0.701562 0.603125 0.734375 0.612500 0.726562 0.621875 0.700000 0.618750 0.673438 0.612500 0.665625 0.601562 0.662500 0.578125 0.671875 0.562500 0.653125 0.539062 0.640625 0.526563 0.620313 0.481250 0.621875 0.479687 0.637500 0.503125 0.653125
0 0.423438 0.453125 0.453125 0.473438 0.473438 0.476562 0.471875 0.459375 0.457813 0.431250 0.431250 0.410938 0.398438 0.401562 0.404687 0.429688 0.423438 0.453125
0 0.531250 0.459375 0.543750 0.537500 0.562500 0.540625 0.575000 0.498437 0.587500 0.484375 0.576562 0.453125 0.534375 0.400000 0.495312 0.368750 0.487500 0.368750 0.482812 0.376563 0.531250 0.459375
0 0.492188 0.537500 0.535937 0.559375 0.540625 0.548438 0.529687 0.525000 0.503125 0.506250 0.485938 0.503125 0.484375 0.520312 0.492188 0.537500
0 0.503125 0.000000 0.495312 0.026562 0.470313 0.031250 0.470313 0.053125 0.490625 0.075000 0.496875 0.092188 0.490625 0.096875 0.490625 0.107813 0.470313 0.126562 0.464062 0.156250 0.418750 0.173437 0.407813 0.201563 0.387500 0.221875 0.387500 0.235937 0.428125 0.337500 0.459375 0.390625 0.462500 0.442188 0.476562 0.446875 0.481250 0.453125 0.476562 0.459375 0.487500 0.462500 0.503125 0.446875 0.501563 0.428125 0.506250 0.423438 0.503125 0.400000 0.462500 0.339062 0.465625 0.287500 0.471875 0.265625 0.500000 0.251563 0.528125 0.193750 0.528125 0.173437 0.506250 0.171875 0.503125 0.153125 0.528125 0.125000 0.525000 0.101562 0.539062 0.079687 0.532813 0.056250 0.553125 0.042188 0.556250 0.029687 0.540625 0.018750 0.534375 0.000000 0.503125 0.000000
0 0.787500 0.000000 0.792188 0.015625 0.820312 0.032813 0.834375 0.021875 0.870313 0.020313 0.907813 0.048438 0.926562 0.087500 0.925000 0.168750 0.954688 0.198437 0.996875 0.204687 1.000000 0.221875 1.000000 0.221875 1.000000 0.234375 1.000000 0.240625 1.000000 0.259375 1.000000 0.270313 1.000000 0.250000 1.000000 0.200000 1.000000 0.182812 1.000000 0.167187 1.000000 0.167187 0.998437 0.160938 0.995313 0.132812 0.971875 0.095312 0.973437 0.081250 0.957812 0.067187 0.948438 0.031250 0.929688 0.000000 0.787500 0.000000
0 0.806250 0.731250 0.801562 0.756250 0.807813 0.757812 0.810937 0.771875 0.803125 0.778125 0.798438 0.804688 0.781250 0.818750 0.760938 0.820312 0.754687 0.826562 0.734375 0.817187 0.729688 0.807813 0.718750 0.807813 0.717187 0.815625 0.726562 0.829688 0.810937 0.842187 0.820312 0.837500 0.831250 0.818750 0.832812 0.789062 0.846875 0.760938 0.845313 0.714063 0.839063 0.700000 0.851562 0.673438 0.853125 0.637500 0.831250 0.637500 0.814063 0.682813 0.784375 0.684375 0.796875 0.696875 0.806250 0.731250
0 0.545312 0.615625 0.565625 0.620313 0.609375 0.614062 0.606250 0.596875 0.592187 0.589063 0.570312 0.557813 0.557813 0.556250 0.545312 0.570312 0.539062 0.601562 0.545312 0.615625
0 0.610938 0.646875 0.635938 0.640625 0.645312 0.618750 0.653125 0.614062 0.648438 0.607812 0.632812 0.606250 0.614062 0.612500 0.603125 0.631250 0.610938 0.646875
