0 0.000000 0.489063 0.000000 0.515625 0.000000 0.518750 0.010937 0.503125 0.007812 0.484375 0.015625 0.460938 0.056250 0.459375 0.057813 0.428125 0.053125 0.421875 0.012500 0.428125 0.006250 0.404687 0.000000 0.401562 0.000000 0.464062 0.000000 0.481250 0.000000 0.489063
0 0.085938 0.214062 0.128125 0.228125 0.154688 0.228125 0.212500 0.268750 0.228125 0.270313 0.245312 0.256250 0.245312 0.240625 0.235937 0.226562 0.176563 0.193750 0.145313 0.184375 0.129688 0.156250 0.103125 0.157812 0.079687 0.193750 0.076563 0.204687 0.085938 0.214062
0 0.018750 0.256250 0.040625 0.285938 0.060937 0.298438 0.079687 0.293750 0.125000 0.265625 0.137500 0.265625 0.168750 0.285938 0.187500 0.284375 0.196875 0.265625 0.184375 0.245312 0.150000 0.228125 0.134375 0.228125 0.104688 0.240625 0.070312 0.221875 0.057813 0.229687 0.045312 0.223438 0.020313 0.232813 0.012500 0.240625 0.018750 0.256250
0 0.009375 0.067187 0.021875 0.064062 0.045312 0.070312 0.095312 0.104688 0.103125 0.106250 0.114062 0.096875 0.112500 0.018750 0.104688 0.010937 0.065625 0.021875 0.034375 0.021875 0.007812 0.046875 0.001563 0.062500 0.009375 0.067187
0 0.010937 0.009375 0.039062 0.010937 0.056250 0.000000 0.003125 0.003125 0.010937 0.009375
0 0.093750 0.550000 0.112500 0.548438 0.132812 0.520312 0.131250 0.506250 0.121875 0.500000 0.076563 0.492188 0.050000 0.503125 0.050000 0.523438 0.093750 0.550000
0 0.128125 0.481250 0.143750 0.471875 0.145313 0.457813 0.135937 0.448437 0.123438 0.448437 0.067187 0.468750 0.070312 0.478125 0.128125 0.481250
0 0.284375 0.453125 0.298438 0.454688 0.309375 0.448437 0.312500 0.428125 0.306250 0.420312 0.293750 0.415625 0.278125 0.423438 0.276562 0.442188 0.284375 0.453125
0 0.345313 0.526563 0.356250 0.525000 0.368750 0.506250 0.365625 0.492188 0.356250 0.485938 0.335938 0.487500 0.328125 0.496875 0.328125 0.512500 0.345313 0.526563
0 0.000000 1.000000 0.000000 1.000000 0.000000 1.000000 0.000000 1.000000 0.000000 0.982812 0.015625 0.973437 0.090625 0.979688 0.115625 0.965625 0.145313 0.964063 0.170313 0.932813 0.173437 0.900000 0.160938 0.889062 0.134375 0.889062 0.079687 0.914062 0.065625 0.895312 0.078125 0.879687 0.076563 0.868750 0.062500 0.859375 0.035937 0.860938 0.023438 0.840625 0.007812 0.840625 0.000000 0.848437 0.000000 0.887500 0.000000 0.898438 0.000000 0.915625 0.000000 0.954688 0.000000 1.000000 0.000000 1.000000 0.000000 1.000000
0 0.798438 0.990625 0.798438 0.879687 0.770312 0.865625 0.760938 0.867188 0.739062 0.887500 0.734375 0.925000 0.726562 0.926562 0.704688 0.951562 0.707812 0.964063 0.798438 0.990625
0 0.720313 0.453125 0.742188 0.453125 0.750000 0.445312 0.753125 0.435937 0.745313 0.418750 0.726562 0.417187 0.715625 0.428125 0.714063 0.442188 0.720313 0.453125
0 0.520312 0.481250 0.545312 0.476562 0.548438 0.462500 0.539062 0.446875 0.528125 0.445312 0.515625 0.456250 0.514062 0.471875 0.520312 0.481250
0 0.601562 0.560937 0.621875 0.562500 0.632812 0.548438 0.620313 0.528125 0.595313 0.535937 0.593750 0.553125 0.601562 0.560937
0 0.587500 0.101562 0.598437 0.103125 0.612500 0.095312 0.609375 0.071875 0.595313 0.068750 0.582812 0.076563 0.581250 0.093750 0.587500 0.101562
0 0.392188 0.210938 0.407813 0.214062 0.417187 0.209375 0.418750 0.196875 0.409375 0.182812 0.395313 0.178125 0.387500 0.185938 0.385937 0.200000 0.392188 0.210938
0 0.731250 0.243750 0.734375 0.234375 0.728125 0.221875 0.710938 0.229687 0.715625 0.246875 0.731250 0.243750
