0 0.040625 0.000000 0.048438 0.057813 0.039062 0.085938 0.026562 0.096875 0.006250 0.132812 0.000000 0.167187 0.000000 0.189062 0.000000 0.204687 0.000000 0.215625 0.000000 0.256250 0.000000 0.260937 0.000000 0.245312 0.003125 0.210938 0.021875 0.193750 0.028125 0.162500 0.051562 0.121875 0.070312 0.103125 0.101562 0.026562 0.123438 0.000000 0.040625 0.000000
0 0.000000 0.496875 0.000000 0.540625 0.000000 0.571875 0.000000 0.589063 0.000000 0.595313 0.000000 0.643750 0.000000 0.667188 0.000000 0.679688 0.023438 0.660937 0.042188 0.645312 0.073438 0.590625 0.082812 0.518750 0.101562 0.489063 0.123438 0.473438 0.162500 0.462500 0.181250 0.446875 0.170313 0.432812 0.140625 0.421875 0.092188 0.428125 0.087500 0.400000 0.078125 0.398438 0.068750 0.403125 0.000000 0.403125 0.000000 0.423438 0.000000 0.470313 0.000000 0.496875
0 0.106250 0.909375 0.134375 0.859375 0.179688 0.825000 0.201563 0.767188 0.195312 0.735938 0.173437 0.751563 0.178125 0.762500 0.165625 0.795313 0.128125 0.810937 0.081250 0.882812 0.082812 0.906250 0.106250 0.909375
0 0.087500 0.909375 0.110937 0.896875 0.145313 0.809375 0.185938 0.675000 0.229687 0.643750 0.239063 0.607812 0.256250 0.575000 0.245312 0.559375 0.228125 0.559375 0.212500 0.585938 0.204687 0.620313 0.176563 0.628125 0.150000 0.671875 0.134375 0.707812 0.117188 0.779687 0.118750 0.821875 0.081250 0.882812 0.079687 0.896875 0.087500 0.909375
0 0.231250 0.528125 0.231250 0.542188 0.225000 0.548438 0.228125 0.571875 0.289062 0.565625 0.298438 0.560937 0.295312 0.540625 0.307812 0.507812 0.326562 0.482812 0.384375 0.462500 0.423438 0.462500 0.437500 0.451562 0.435937 0.417187 0.445312 0.401562 0.445312 0.389063 0.431250 0.381250 0.403125 0.384375 0.368750 0.412500 0.335938 0.426563 0.303125 0.418750 0.289062 0.434375 0.259375 0.435937 0.235937 0.445312 0.218750 0.470313 0.215625 0.481250 0.231250 0.528125
0 0.015625 0.971875 0.028125 0.975000 0.054688 0.957812 0.054688 0.931250 0.045312 0.912500 0.020313 0.912500 0.007812 0.925000 0.007812 0.956250 0.015625 0.971875
0 0.045312 0.900000 0.051562 0.875000 0.043750 0.868750 0.028125 0.879687 0.026562 0.892188 0.045312 0.900000
0 0.210938 0.921875 0.225000 0.917188 0.281250 0.923438 0.296875 0.917188 0.303125 0.906250 0.301563 0.892188 0.290625 0.885938 0.231250 0.884375 0.203125 0.876563 0.184375 0.887500 0.173437 0.898438 0.210938 0.921875
0 0.171875 0.885938 0.212500 0.868750 0.215625 0.851562 0.178125 0.837500 0.120313 0.875000 0.118750 0.889062 0.171875 0.885938
0 0.360938 0.904687 0.396875 0.904687 0.396875 0.892188 0.387500 0.881250 0.354687 0.887500 0.353125 0.898438 0.360938 0.904687
0 0.420312 0.889062 0.429688 0.876563 0.429688 0.856250 0.420312 0.850000 0.409375 0.860938 0.409375 0.885938 0.420312 0.889062
0 0.345313 0.873437 0.353125 0.865625 0.345313 0.851562 0.326562 0.857812 0.328125 0.871875 0.345313 0.873437
0 0.756250 0.845313 0.767188 0.823438 0.762500 0.815625 0.753125 0.815625 0.739062 0.828125 0.739062 0.839063 0.756250 0.845313
0 0.360938 0.798437 0.412500 0.779687 0.418750 0.767188 0.417187 0.748437 0.435937 0.715625 0.485938 0.681250 0.496875 0.681250 0.531250 0.701562 0.545312 0.721875 0.553125 0.748437 0.571875 0.768750 0.603125 0.767188 0.612500 0.757812 0.614062 0.740625 0.593750 0.690625 0.567187 0.678125 0.562500 0.660937 0.539062 0.651563 0.504687 0.653125 0.451562 0.673438 0.409375 0.720313 0.379688 0.732812 0.353125 0.735938 0.335938 0.762500 0.334375 0.801562 0.360938 0.798437
0 0.089063 0.906250 0.115625 0.896875 0.134375 0.857812 0.179688 0.821875 0.190625 0.793750 0.207813 0.779687 0.210938 0.762500 0.198437 0.753125 0.204687 0.731250 0.226562 0.704688 0.248438 0.689063 0.287500 0.679688 0.312500 0.696875 0.332813 0.700000 0.351562 0.690625 0.345313 0.687500 0.346875 0.679688 0.360938 0.667188 0.435937 0.668750 0.446875 0.660937 0.489063 0.660937 0.500000 0.651563 0.537500 0.654687 0.556250 0.637500 0.553125 0.625000 0.548438 0.618750 0.529687 0.620313 0.526563 0.626563 0.500000 0.625000 0.450000 0.607812 0.442188 0.587500 0.429688 0.585938 0.378125 0.598437 0.370312 0.601562 0.370312 0.609375 0.340625 0.618750 0.264062 0.614062 0.248438 0.648438 0.225000 0.662500 0.210938 0.662500 0.206250 0.673438 0.178125 0.689063 0.159375 0.707812 0.142187 0.714063 0.142187 0.735938 0.134375 0.753125 0.140625 0.804688 0.135937 0.810937 0.128125 0.809375 0.115625 0.839063 0.082812 0.881250 0.079687 0.892188 0.089063 0.906250
0 0.550000 0.654687 0.617188 0.675000 0.682813 0.651563 0.757812 0.689063 0.781250 0.709375 0.798438 0.710938 0.798438 0.662500 0.746875 0.610938 0.689063 0.585938 0.679688 0.553125 0.662500 0.556250 0.654687 0.571875 0.639062 0.582812 0.570312 0.601562 0.506250 0.642188 0.510938 0.653125 0.550000 0.654687
0 0.485938 0.539062 0.478125 0.535937 0.445312 0.551562 0.392188 0.595313 0.420312 0.601562 0.445312 0.593750 0.464062 0.578125 0.526563 0.548438 0.525000 0.506250 0.553125 0.482812 0.567187 0.459375 0.576562 0.456250 0.618750 0.457813 0.632812 0.464062 0.648438 0.482812 0.660937 0.525000 0.668750 0.537500 0.673438 0.535937 0.678125 0.525000 0.675000 0.507812 0.685937 0.479687 0.679688 0.464062 0.664062 0.451562 0.629687 0.434375 0.575000 0.429688 0.542188 0.453125 0.507812 0.498437 0.485938 0.539062
0 0.460938 0.545312 0.475000 0.525000 0.473438 0.514062 0.468750 0.506250 0.451562 0.506250 0.445312 0.512500 0.443750 0.543750 0.460938 0.545312
0 0.428125 0.429688 0.485938 0.426563 0.596875 0.395313 0.623437 0.400000 0.639062 0.364063 0.592187 0.329688 0.595313 0.310937 0.568750 0.300000 0.560937 0.342187 0.540625 0.359375 0.510938 0.378125 0.457813 0.393750 0.426563 0.417187 0.421875 0.423438 0.428125 0.429688
0 0.603125 0.318750 0.628125 0.310937 0.670312 0.248438 0.701562 0.237500 0.746875 0.240625 0.768750 0.232813 0.798438 0.232813 0.798438 0.164062 0.778125 0.167187 0.739062 0.187500 0.726562 0.175000 0.726562 0.159375 0.706250 0.159375 0.654687 0.214062 0.618750 0.242188 0.596875 0.298438 0.593750 0.312500 0.603125 0.318750
0 0.659375 0.431250 0.681250 0.429688 0.693750 0.420312 0.754687 0.418750 0.798438 0.435937 0.798438 0.310937 0.775000 0.320312 0.762500 0.350000 0.742188 0.365625 0.689063 0.373437 0.662500 0.356250 0.653125 0.356250 0.653125 0.364063 0.631250 0.382812 0.625000 0.398438 0.659375 0.431250
0 0.514062 0.000000 0.504687 0.023438 0.448437 0.076563 0.445312 0.103125 0.414062 0.156250 0.423438 0.168750 0.448437 0.165625 0.514062 0.090625 0.534375 0.050000 0.570312 0.026562 0.621875 0.023438 0.635938 0.032813 0.681250 0.039062 0.728125 0.000000 0.514062 0.000000
0 0.518750 0.000000 0.453125 0.075000 0.450000 0.106250 0.431250 0.137500 0.434375 0.162500 0.396875 0.221875 0.382812 0.229687 0.351562 0.282813 0.337500 0.334375 0.315625 0.360938 0.303125 0.367188 0.226562 0.389063 0.182812 0.423438 0.184375 0.435937 0.343750 0.376563 0.404687 0.328125 0.401562 0.317188 0.384375 0.318750 0.375000 0.306250 0.400000 0.271875 0.412500 0.265625 0.509375 0.162500 0.501563 0.115625 0.528125 0.064062 0.531250 0.046875 0.562500 0.014063 0.564063 0.000000 0.518750 0.000000
0 0.412500 0.315625 0.421875 0.289062 0.454688 0.251563 0.482812 0.242188 0.529687 0.240625 0.564063 0.217188 0.628125 0.195312 0.634375 0.185938 0.629687 0.175000 0.662500 0.134375 0.662500 0.095312 0.620313 0.125000 0.614062 0.142187 0.568750 0.159375 0.546875 0.176563 0.500000 0.182812 0.493750 0.171875 0.503125 0.162500 0.496875 0.156250 0.479687 0.160938 0.473438 0.176563 0.451562 0.185938 0.410938 0.228125 0.407813 0.232813 0.423438 0.243750 0.421875 0.250000 0.407813 0.276562 0.395313 0.275000 0.393750 0.281250 0.393750 0.310937 0.412500 0.315625
0 0.218750 0.000000 0.217188 0.004687 0.228125 0.062500 0.226562 0.092188 0.217188 0.126562 0.201563 0.148438 0.190625 0.207813 0.167187 0.251563 0.160938 0.300000 0.164062 0.318750 0.148438 0.345313 0.142187 0.346875 0.139063 0.367188 0.128125 0.370312 0.118750 0.382812 0.128125 0.390625 0.154688 0.381250 0.181250 0.357812 0.195312 0.325000 0.200000 0.289062 0.212500 0.268750 0.259375 0.237500 0.278125 0.209375 0.279687 0.171875 0.296875 0.132812 0.295312 0.093750 0.314063 0.043750 0.332813 0.021875 0.356250 0.010937 0.362500 0.000000 0.218750 0.000000
0 0.103125 0.260937 0.114062 0.270313 0.121875 0.309375 0.115625 0.340625 0.078125 0.392188 0.078125 0.404687 0.087500 0.410938 0.096875 0.407813 0.096875 0.400000 0.151562 0.375000 0.145313 0.357812 0.148438 0.323437 0.164062 0.303125 0.187500 0.246875 0.175000 0.214062 0.176563 0.184375 0.171875 0.175000 0.137500 0.151562 0.121875 0.151562 0.120313 0.162500 0.134375 0.185938 0.128125 0.192188 0.131250 0.207813 0.104688 0.242188 0.092188 0.237500 0.082812 0.245312 0.085938 0.257812 0.103125 0.260937
