0 0.093750 0.046875 0.129688 0.048438 0.173437 0.040625 0.240625 0.050000 0.278125 0.067187 0.334375 0.065625 0.360938 0.068750 0.368750 0.076563 0.379688 0.068750 0.362500 0.054688 0.331250 0.048438 0.295312 0.031250 0.237500 0.026562 0.195312 0.012500 0.156250 0.014063 0.096875 0.031250 0.062500 0.031250 0.062500 0.035937 0.093750 0.046875
0 0.000000 0.101562 0.109375 0.135937 0.128125 0.167187 0.164062 0.129688 0.193750 0.114062 0.220312 0.115625 0.268750 0.143750 0.307812 0.200000 0.342187 0.210938 0.353125 0.207813 0.345313 0.167187 0.325000 0.156250 0.250000 0.089063 0.209375 0.087500 0.179688 0.070312 0.160938 0.078125 0.135937 0.071875 0.110937 0.087500 0.085938 0.075000 0.045312 0.075000 0.007812 0.062500 0.000000 0.062500 0.000000 0.101562
0 0.070312 0.064062 0.078125 0.076563 0.092188 0.082812 0.109375 0.082812 0.126562 0.095312 0.142187 0.095312 0.143750 0.104688 0.153125 0.110937 0.206250 0.104688 0.228125 0.114062 0.235937 0.110937 0.231250 0.101562 0.178125 0.067187 0.153125 0.067187 0.134375 0.054688 0.129688 0.032813 0.156250 0.026562 0.145313 0.021875 0.092188 0.034375 0.060937 0.032813 0.062500 0.064062 0.070312 0.064062
0 0.289062 0.212500 0.300000 0.229687 0.328125 0.246875 0.385937 0.268750 0.420312 0.271875 0.453125 0.285938 0.468750 0.285938 0.471875 0.276562 0.456250 0.250000 0.400000 0.240625 0.370312 0.223438 0.357812 0.206250 0.345313 0.162500 0.309375 0.154688 0.301563 0.154688 0.296875 0.162500 0.296875 0.190625 0.289062 0.212500
0 0.312500 0.329688 0.420312 0.368750 0.439063 0.368750 0.485938 0.326562 0.514062 0.310937 0.528125 0.282813 0.523438 0.264062 0.498437 0.246875 0.496875 0.232813 0.487500 0.226562 0.478125 0.235937 0.482812 0.253125 0.468750 0.264062 0.456250 0.289062 0.437500 0.296875 0.412500 0.295312 0.379688 0.310937 0.345313 0.296875 0.320312 0.312500 0.312500 0.318750 0.312500 0.329688
0 0.228125 0.378125 0.235937 0.376563 0.309375 0.335938 0.287500 0.321875 0.260937 0.318750 0.254688 0.332813 0.220312 0.359375 0.217188 0.370312 0.228125 0.378125
0 0.195312 0.371875 0.214062 0.371875 0.226562 0.335938 0.256250 0.314063 0.260937 0.295312 0.248438 0.289062 0.228125 0.301563 0.203125 0.304688 0.187500 0.314063 0.176563 0.331250 0.178125 0.360938 0.195312 0.371875
0 0.093750 0.259375 0.159375 0.262500 0.176563 0.256250 0.170313 0.245312 0.131250 0.221875 0.103125 0.226562 0.089063 0.242188 0.087500 0.253125 0.093750 0.259375
0 0.000000 0.359375 0.035937 0.351562 0.068750 0.332813 0.128125 0.318750 0.139063 0.309375 0.139063 0.301563 0.128125 0.296875 0.032813 0.320312 0.000000 0.329688 0.000000 0.359375
0 0.376563 0.520312 0.406250 0.521875 0.420312 0.510938 0.451562 0.539062 0.490625 0.529687 0.534375 0.490625 0.529687 0.481250 0.470313 0.453125 0.464062 0.437500 0.443750 0.439063 0.429688 0.457813 0.414062 0.465625 0.378125 0.470313 0.359375 0.489063 0.359375 0.504687 0.376563 0.520312
0 0.550000 0.573438 0.596875 0.575000 0.645312 0.560937 0.692187 0.578125 0.703125 0.590625 0.707812 0.585938 0.704688 0.573438 0.665625 0.537500 0.600000 0.515625 0.582812 0.514062 0.537500 0.546875 0.535937 0.562500 0.550000 0.573438
0 0.370312 0.515625 0.395313 0.523438 0.410938 0.520312 0.420312 0.509375 0.428125 0.510938 0.445312 0.542188 0.468750 0.546875 0.484375 0.540625 0.495312 0.543750 0.521875 0.529687 0.531250 0.534375 0.528125 0.545312 0.543750 0.573438 0.620313 0.560937 0.635938 0.537500 0.631250 0.531250 0.607812 0.528125 0.592187 0.510938 0.592187 0.489063 0.618750 0.465625 0.625000 0.437500 0.610938 0.426563 0.603125 0.410938 0.604688 0.395313 0.596875 0.387500 0.584375 0.395313 0.584375 0.443750 0.568750 0.468750 0.535937 0.473438 0.510938 0.468750 0.500000 0.457813 0.495312 0.435937 0.487500 0.439063 0.470313 0.428125 0.442188 0.437500 0.429688 0.459375 0.412500 0.468750 0.389062 0.470313 0.365625 0.484375 0.362500 0.498437 0.370312 0.515625
0 0.570312 0.350000 0.589063 0.362500 0.614062 0.395313 0.617188 0.406250 0.612500 0.412500 0.628125 0.440625 0.645312 0.437500 0.670312 0.410938 0.687500 0.412500 0.698438 0.401562 0.704688 0.376563 0.734375 0.345313 0.751563 0.335938 0.685937 0.332813 0.679688 0.318750 0.679688 0.292187 0.671875 0.287500 0.657813 0.293750 0.645312 0.317188 0.625000 0.326562 0.587500 0.309375 0.528125 0.310937 0.509375 0.320312 0.510938 0.342187 0.570312 0.350000
0 0.567187 0.292187 0.581250 0.295312 0.587500 0.290625 0.587500 0.276562 0.576562 0.262500 0.564063 0.259375 0.553125 0.265625 0.551562 0.276562 0.567187 0.292187
0 0.412500 0.343750 0.420312 0.362500 0.442188 0.362500 0.460938 0.350000 0.464062 0.315625 0.417187 0.318750 0.421875 0.334375 0.412500 0.343750
0 0.460938 0.306250 0.468750 0.306250 0.484375 0.323437 0.542188 0.310937 0.546875 0.293750 0.537500 0.264062 0.521875 0.253125 0.495312 0.257812 0.490625 0.285938 0.460938 0.306250
0 0.635938 0.279687 0.643750 0.287500 0.646875 0.314063 0.639062 0.337500 0.626563 0.339062 0.607812 0.353125 0.610938 0.378125 0.637500 0.384375 0.679688 0.381250 0.695312 0.365625 0.679688 0.298438 0.684375 0.290625 0.721875 0.276562 0.728125 0.262500 0.745313 0.260937 0.757812 0.214062 0.754687 0.195312 0.737500 0.179688 0.721875 0.206250 0.720313 0.223438 0.693750 0.250000 0.662500 0.262500 0.628125 0.257812 0.618750 0.276562 0.628125 0.282813 0.635938 0.279687
0 0.329688 0.670312 0.381250 0.689063 0.353125 0.617188 0.328125 0.609375 0.309375 0.629687 0.307812 0.645312 0.329688 0.670312
0 0.371745 0.739062 0.387500 0.721875 0.412500 0.723437 0.428125 0.712500 0.378125 0.684375 0.364063 0.692187 0.270313 0.687500 0.240625 0.700000 0.237500 0.717187 0.246875 0.728125 0.292187 0.726562 0.291146 0.739062 0.321449 0.739062 0.334375 0.728125 0.356250 0.725000 0.359375 0.735938 0.366667 0.739062 0.371745 0.739062
0 0.448153 0.739062 0.453125 0.728125 0.435937 0.726562 0.421165 0.739062 0.448153 0.739062
0 0.285938 0.585938 0.296875 0.585938 0.306250 0.578125 0.306250 0.562500 0.300000 0.554688 0.285938 0.551562 0.275000 0.559375 0.275000 0.573438 0.285938 0.585938
0 0.060937 0.525000 0.068750 0.531250 0.087500 0.529687 0.092188 0.521875 0.089063 0.504687 0.065625 0.501563 0.059375 0.507812 0.060937 0.525000
0 0.596094 0.739062 0.612500 0.737500 0.662500 0.721875 0.673438 0.703125 0.660937 0.698438 0.535937 0.723437 0.520312 0.735938 0.512326 0.739062 0.596094 0.739062
0 0.693750 0.739062 0.714063 0.735938 0.696875 0.731250 0.685937 0.735938 0.664062 0.717187 0.667188 0.706250 0.656250 0.703125 0.623437 0.709375 0.560937 0.695312 0.470313 0.706250 0.468750 0.717187 0.487500 0.728125 0.492188 0.739062 0.593750 0.739062 0.625625 0.739062 0.645312 0.734375 0.662188 0.739062 0.693750 0.739062
0 0.537500 0.684375 0.537500 0.692187 0.560937 0.710938 0.603125 0.717187 0.612500 0.710938 0.612500 0.698438 0.595313 0.692187 0.587500 0.656250 0.568750 0.634375 0.553125 0.629687 0.537500 0.615625 0.529687 0.617188 0.518750 0.632812 0.512500 0.650000 0.537500 0.684375
0 0.734375 0.739062 0.729688 0.732812 0.651563 0.731250 0.618750 0.739062 0.734375 0.739062
0 0.723437 0.590625 0.735938 0.617188 0.737500 0.653125 0.729688 0.685937 0.743750 0.698438 0.793750 0.721875 0.820312 0.715625 0.815625 0.698438 0.804688 0.695312 0.798438 0.626563 0.801562 0.601562 0.821875 0.585938 0.818750 0.575000 0.785937 0.554688 0.784375 0.537500 0.773438 0.521875 0.753125 0.525000 0.743750 0.543750 0.734375 0.543750 0.726562 0.531250 0.709375 0.529687 0.696875 0.548438 0.695312 0.557813 0.723437 0.590625
0 0.883277 0.739062 0.887500 0.707812 0.817187 0.681250 0.814063 0.692187 0.835938 0.715625 0.843149 0.739062 0.883277 0.739062
0 0.881250 0.739062 0.881250 0.729688 0.889062 0.703125 0.840625 0.693750 0.837500 0.679688 0.806250 0.659375 0.804688 0.646875 0.817187 0.615625 0.831250 0.614062 0.820312 0.595313 0.820312 0.573438 0.798438 0.567187 0.784375 0.585938 0.776563 0.603125 0.782813 0.606250 0.779687 0.614062 0.760938 0.637500 0.760938 0.668750 0.778125 0.693750 0.794740 0.739062 0.881250 0.739062
0 0.709375 0.275000 0.753125 0.323437 0.812500 0.345313 0.850000 0.389062 0.873437 0.392188 0.904687 0.407813 0.912500 0.403125 0.923438 0.365625 0.935937 0.350000 0.971875 0.331250 0.993750 0.328125 1.000000 0.304688 1.000000 0.256250 1.000000 0.232813 1.000000 0.217188 0.970313 0.167187 0.954688 0.162500 0.939063 0.175000 0.931250 0.215625 0.914062 0.242188 0.851562 0.256250 0.831250 0.246875 0.826562 0.223438 0.796875 0.173437 0.767188 0.162500 0.757812 0.151562 0.743750 0.159375 0.728125 0.220312 0.712500 0.240625 0.717187 0.245312 0.709375 0.275000
0 0.645312 0.000000 0.664062 0.006250 0.685937 0.039062 0.695312 0.043750 0.707812 0.068750 0.709375 0.081250 0.682813 0.100000 0.685937 0.115625 0.740625 0.145313 0.746875 0.125000 0.739062 0.106250 0.756250 0.060937 0.743750 0.056250 0.721875 0.032813 0.710938 0.009375 0.689063 0.000000 0.668750 0.000000 0.662500 0.000000 0.645312 0.000000 0.640625 0.000000 0.645312 0.000000
