0 0.156250 0.950000 0.145313 0.960938 0.126562 0.964063 0.118750 0.976562 0.129688 1.000000 0.118750 1.000000 0.153125 1.000000 0.151562 1.000000 0.135937 1.000000 0.135937 1.000000 0.143750 1.000000 0.178125 1.000000 0.201563 1.000000 0.256250 1.000000 0.259375 1.000000 0.250000 1.000000 0.256250 1.000000 0.242188 0.978125 0.271875 0.940625 0.312500 0.904687 0.328125 0.868750 0.332813 0.823438 0.285938 0.776563 0.234375 0.790625 0.232813 0.804688 0.221875 0.815625 0.201563 0.792188 0.185938 0.789062 0.171875 0.803125 0.150000 0.851562 0.140625 0.898438 0.156250 0.950000
0 0.735938 0.139063 0.771875 0.142187 0.800000 0.160938 0.789062 0.190625 0.798438 0.203125 0.823438 0.204687 0.870313 0.193750 0.912500 0.212500 0.917188 0.228125 0.925000 0.232813 0.967187 0.217188 1.000000 0.237500 1.000000 0.239063 1.000000 0.231250 1.000000 0.206250 1.000000 0.179688 1.000000 0.165625 1.000000 0.142187 0.964063 0.145313 0.926562 0.134375 0.914062 0.140625 0.918750 0.162500 0.903125 0.165625 0.895312 0.156250 0.870313 0.150000 0.834375 0.150000 0.764062 0.106250 0.756250 0.115625 0.717187 0.106250 0.709375 0.109375 0.710938 0.123438 0.735938 0.139063
0 0.612500 0.285938 0.634375 0.287500 0.646875 0.282813 0.665625 0.262500 0.740625 0.234375 0.760938 0.218750 0.795312 0.218750 0.854688 0.200000 0.884375 0.203125 0.904687 0.214062 0.921875 0.232813 0.967187 0.220312 0.996875 0.235937 1.000000 0.237500 1.000000 0.221875 1.000000 0.193750 1.000000 0.182812 1.000000 0.168750 0.989062 0.150000 0.970313 0.154688 0.960938 0.145313 0.939063 0.139063 0.928125 0.107813 0.915625 0.093750 0.900000 0.098437 0.898438 0.131250 0.889062 0.140625 0.843750 0.148438 0.831250 0.118750 0.785937 0.114062 0.778125 0.098437 0.756250 0.084375 0.735938 0.101562 0.710938 0.100000 0.704688 0.104688 0.703125 0.126562 0.725000 0.142187 0.715625 0.165625 0.701562 0.175000 0.695312 0.187500 0.681250 0.193750 0.673438 0.210938 0.618750 0.232813 0.603125 0.256250 0.604688 0.278125 0.612500 0.285938
0 0.787891 0.391016 0.787891 0.405078 0.797266 0.416016 0.826953 0.419141 0.848828 0.401953 0.870703 0.414453 0.936328 0.503516 0.955078 0.516016 0.972266 0.537891 1.000000 0.562891 1.000000 0.583203 1.000000 0.583203 1.000000 0.569141 1.000000 0.555078 1.000000 0.526953 0.994141 0.489453 0.983203 0.481641 1.000000 0.444141 1.000000 0.447266 1.000000 0.401953 1.000000 0.367578 1.000000 0.369141 1.000000 0.397266 1.000000 0.397266 0.997266 0.387891 0.976953 0.375391 0.934766 0.366016 0.925391 0.353516 0.891016 0.334766 0.883203 0.292578 0.864453 0.280078 0.853516 0.287891 0.839453 0.316016 0.822266 0.317578 0.806641 0.336328 0.803516 0.373828 0.787891 0.391016
0 0.262500 0.200000 0.290625 0.201563 0.303125 0.187500 0.304688 0.165625 0.292187 0.151562 0.273438 0.150000 0.251563 0.164062 0.250000 0.185938 0.262500 0.200000
0 0.045312 0.192188 0.062500 0.192188 0.079687 0.178125 0.078125 0.160938 0.068750 0.150000 0.051562 0.150000 0.039062 0.162500 0.037500 0.181250 0.045312 0.192188
0 0.043750 0.126562 0.095312 0.120313 0.053125 0.092188 0.034375 0.104688 0.034375 0.121875 0.043750 0.126562
0 0.556250 0.000000 0.553125 0.006250 0.553125 0.025000 0.564063 0.034375 0.606250 0.017188 0.651563 0.014063 0.646875 0.000000 0.556250 0.000000
0 0.895312 0.000000 0.895312 0.014063 0.904687 0.028125 0.932813 0.040625 0.939063 0.051562 0.959375 0.057813 0.979688 0.075000 1.000000 0.000000 0.895312 0.000000
0 0.795312 0.028125 0.835938 0.003125 0.851562 0.001563 0.792188 0.000000 0.785937 0.020313 0.795312 0.028125
