1 0.0 0.859316 0.007153 0.860491 0.022175 0.870536 0.032189 0.859375 0.06867 0.861607 0.123748 0.853795 0.139485 0.858259 0.178112 0.857143 0.185265 0.852679 0.200286 0.858259 0.211731 0.852679 0.222461 0.857143 0.238913 0.854911 0.239628 0.848214 0.230329 0.848214 0.216023 0.837054 0.215308 0.820312 0.223891 0.782366 0.225322 0.756696 0.217454 0.756696 0.207439 0.774554 0.19814 0.763393 0.19671 0.756696 0.199571 0.731027 0.19814 0.689732 0.204578 0.676339 0.207439 0.655134 0.207439 0.646205 0.202432 0.631696 0.201001 0.577009 0.190272 0.564732 0.18598 0.565848 0.178827 0.618304 0.155222 0.614955 0.154506 0.578125 0.142346 0.551339 0.134478 0.553571 0.125179 0.543527 0.125179 0.529018 0.120887 0.516741 0.114449 0.516741 0.106581 0.524554 0.098712 0.515625 0.091559 0.518973 0.083691 0.552455 0.09299 0.570312 0.088698 0.58817 0.092275 0.604911 0.091559 0.626116 0.095851 0.654018 0.103004 0.675223 0.097997 0.680804 0.086552 0.679688 0.08226 0.684152 0.08226 0.69308 0.089413 0.709821 0.087268 0.726562 0.070815 0.725446 0.063662 0.732143 0.037911 0.738839 0.040773 0.75 0.005007 0.808036 0.0 0.810965 0.0 0.859316
1 0.0 0.833963 0.002861 0.832589 0.010014 0.822545 0.014306 0.802455 0.007868 0.797991 0.003577 0.776786 0.016452 0.745536 0.013591 0.737723 0.0 0.732634 0.0 0.833963
1 0.226753 0.853795 0.230329 0.858259 0.2897 0.858259 0.311874 0.863839 0.331903 0.858259 0.33834 0.850446 0.331903 0.845982 0.330472 0.840402 0.326896 0.842634 0.321888 0.827009 0.313305 0.821429 0.301144 0.822545 0.293991 0.833705 0.284692 0.837054 0.281116 0.825893 0.281116 0.810268 0.275393 0.794643 0.277539 0.782366 0.275393 0.767857 0.283977 0.748884 0.276109 0.733259 0.281116 0.717634 0.258941 0.69308 0.256795 0.680804 0.258941 0.667411 0.254649 0.65625 0.250358 0.655134 0.245351 0.660714 0.244635 0.675223 0.239628 0.689732 0.246781 0.710938 0.235336 0.735491 0.246781 0.752232 0.245351 0.78125 0.248212 0.802455 0.246066 0.821429 0.235336 0.827009 0.230329 0.840402 0.229614 0.851562 0.226753 0.853795
1 0.329757 0.799107 0.323319 0.808036 0.331187 0.853795 0.389843 0.863839 0.409871 0.857143 0.435622 0.859375 0.459227 0.850446 0.456366 0.835938 0.45279 0.83817 0.439199 0.820312 0.43133 0.821429 0.41917 0.833705 0.40701 0.831473 0.397711 0.822545 0.39485 0.80692 0.409871 0.782366 0.409871 0.768973 0.41917 0.722098 0.400572 0.700893 0.394134 0.700893 0.391273 0.705357 0.366953 0.699777 0.365522 0.680804 0.372675 0.659598 0.372675 0.635045 0.3598 0.594866 0.353362 0.59375 0.346209 0.59933 0.345494 0.622768 0.335479 0.628348 0.329757 0.643973 0.319742 0.648438 0.317597 0.655134 0.319742 0.667411 0.336195 0.697545 0.33691 0.72433 0.331187 0.742188 0.321888 0.751116 0.331187 0.787946 0.329757 0.799107
1 0.454936 0.805804 0.461373 0.816964 0.455651 0.837054 0.458512 0.850446 0.466381 0.857143 0.502146 0.862723 0.529328 0.858259 0.529328 0.840402 0.525751 0.828125 0.519313 0.820312 0.51216 0.78683 0.502861 0.790179 0.500715 0.809152 0.48784 0.805804 0.490701 0.768973 0.499285 0.746652 0.497139 0.726562 0.505722 0.709821 0.495708 0.68192 0.494993 0.643973 0.484263 0.632812 0.463519 0.660714 0.456366 0.66183 0.446352 0.65067 0.437053 0.648438 0.432761 0.651786 0.4299 0.662946 0.430615 0.670759 0.443491 0.694196 0.440629 0.699777 0.426323 0.69308 0.424893 0.700893 0.447067 0.75558 0.454936 0.792411 0.454936 0.805804
1 0.557225 0.852679 0.561516 0.857143 0.585122 0.862723 0.594421 0.859375 0.599428 0.847098 0.599428 0.839286 0.590129 0.829241 0.570815 0.795759 0.579399 0.779018 0.578684 0.768973 0.590129 0.712054 0.594421 0.702009 0.585122 0.679688 0.591559 0.639509 0.590129 0.59375 0.585837 0.591518 0.58083 0.595982 0.561516 0.659598 0.550072 0.671875 0.555794 0.694196 0.552933 0.716518 0.546495 0.720982 0.540773 0.707589 0.536481 0.706473 0.533619 0.72433 0.527182 0.736607 0.527897 0.752232 0.525036 0.761161 0.531474 0.773438 0.533619 0.789062 0.528612 0.815848 0.530758 0.853795 0.542203 0.858259 0.557225 0.852679
1 0.683119 0.862723 0.682403 0.857143 0.674535 0.850446 0.660944 0.852679 0.650215 0.84933 0.647353 0.833705 0.649499 0.797991 0.647353 0.783482 0.628755 0.787946 0.581545 0.785714 0.580114 0.803571 0.58226 0.813616 0.597997 0.832589 0.607296 0.857143 0.616595 0.862723 0.653076 0.863839 0.672389 0.86942 0.683119 0.862723
1 0.732475 0.864955 0.747496 0.861607 0.753934 0.856027 0.758226 0.858259 0.761803 0.837054 0.758226 0.834821 0.756795 0.825893 0.748212 0.81808 0.738913 0.821429 0.73176 0.833705 0.723891 0.833705 0.718169 0.827009 0.707439 0.824777 0.699571 0.80692 0.694564 0.783482 0.693848 0.735491 0.688126 0.719866 0.690987 0.699777 0.675966 0.660714 0.670243 0.660714 0.666667 0.669643 0.667382 0.705357 0.66166 0.716518 0.653791 0.720982 0.652361 0.738839 0.656652 0.747768 0.654506 0.760045 0.66166 0.774554 0.670243 0.845982 0.662375 0.853795 0.663805 0.861607 0.732475 0.864955
1 0.724607 0.837054 0.725322 0.853795 0.738197 0.860491 0.769671 0.863839 0.793991 0.857143 0.804721 0.867188 0.811874 0.866071 0.814735 0.853795 0.810443 0.842634 0.801144 0.835938 0.792561 0.83817 0.784692 0.834821 0.775393 0.824777 0.772532 0.756696 0.769671 0.753348 0.762518 0.75558 0.753934 0.745536 0.748212 0.746652 0.739628 0.739955 0.739628 0.700893 0.736767 0.69308 0.726753 0.683036 0.718169 0.680804 0.708155 0.699777 0.70887 0.714286 0.716738 0.731027 0.713162 0.771205 0.723891 0.78683 0.727468 0.797991 0.741059 0.814732 0.73176 0.833705 0.724607 0.837054
1 0.814735 0.853795 0.807582 0.833705 0.80329 0.771205 0.805436 0.746652 0.801144 0.733259 0.801144 0.705357 0.792561 0.679688 0.777539 0.675223 0.770386 0.677455 0.769671 0.688616 0.779685 0.71317 0.773247 0.74442 0.788269 0.821429 0.787554 0.834821 0.804006 0.861607 0.811874 0.863839 0.814735 0.853795
1 0.788269 0.833705 0.796137 0.84933 0.807582 0.861607 0.830472 0.863839 0.844778 0.856027 0.853362 0.862723 0.87196 0.850446 0.876967 0.83817 0.876967 0.828125 0.87196 0.802455 0.874821 0.760045 0.869099 0.727679 0.864807 0.72433 0.854077 0.726562 0.850501 0.735491 0.844063 0.738839 0.841202 0.727679 0.833333 0.715402 0.830472 0.679688 0.823319 0.669643 0.816166 0.671875 0.80329 0.665179 0.786123 0.678571 0.773247 0.675223 0.769671 0.680804 0.772532 0.697545 0.779685 0.709821 0.778255 0.731027 0.773963 0.739955 0.781831 0.760045 0.783262 0.78125 0.79113 0.809152 0.788269 0.833705
1 1.0 0.719444 0.937768 0.664062 0.938484 0.65067 0.9299 0.637277 0.922031 0.614955 0.912732 0.614955 0.901288 0.603795 0.89485 0.604911 0.887697 0.633929 0.891273 0.652902 0.881974 0.666295 0.886981 0.680804 0.884835 0.699777 0.893419 0.714286 0.895565 0.728795 0.906295 0.757812 0.906295 0.789062 0.899857 0.828125 0.900572 0.840402 0.879113 0.844866 0.877682 0.856027 0.879828 0.861607 0.89485 0.859375 0.90701 0.863839 0.912017 0.857143 0.924893 0.864955 0.932761 0.875 0.955651 0.868304 0.97568 0.872768 0.987124 0.864955 0.997854 0.86942 1.0 0.869354 1.0 0.719444