1 0.139974 0.430457 0.145833 0.439594 0.147135 0.448731 0.152344 0.455838 0.157552 0.472081 0.16862 0.48731 0.167969 0.518782 0.182943 0.529949 0.190104 0.551269 0.188151 0.571574 0.182292 0.585787 0.158203 0.609137 0.147135 0.612183 0.14388 0.618274 0.14388 0.628426 0.147135 0.632487 0.164714 0.633503 0.186198 0.625381 0.203125 0.607107 0.233724 0.509645 0.244792 0.501523 0.242839 0.485279 0.248047 0.469036 0.25 0.440609 0.245443 0.422335 0.241536 0.422335 0.233073 0.433503 0.212891 0.406091 0.223958 0.390863 0.233073 0.366497 0.230469 0.358376 0.220703 0.35736 0.210286 0.335025 0.197917 0.33401 0.192708 0.35533 0.18099 0.352284 0.178385 0.358376 0.177734 0.381726 0.169922 0.389848 0.161458 0.381726 0.145833 0.383756 0.142578 0.388832 0.139323 0.414213 0.139974 0.430457
1 0.294271 0.450761 0.300781 0.478173 0.30013 0.491371 0.310547 0.521827 0.309245 0.53198 0.302734 0.540102 0.302734 0.550254 0.3125 0.577665 0.313802 0.594924 0.307292 0.606091 0.299479 0.609137 0.299479 0.62132 0.304688 0.637563 0.313802 0.639594 0.324219 0.633503 0.33138 0.613198 0.339193 0.560406 0.342448 0.554315 0.343099 0.540102 0.336589 0.528934 0.336589 0.523858 0.341797 0.506599 0.345052 0.480203 0.341797 0.470051 0.338542 0.472081 0.315104 0.418274 0.3125 0.406091 0.30013 0.39797 0.296875 0.409137 0.296875 0.437563 0.294271 0.450761
1 0.274089 0.595939 0.283203 0.62132 0.28125 0.662944 0.285807 0.669036 0.304036 0.664975 0.303385 0.659898 0.30599 0.656853 0.304036 0.64264 0.297526 0.630457 0.29362 0.612183 0.292969 0.572589 0.295573 0.565482 0.296875 0.537056 0.289062 0.532995 0.270182 0.544162 0.267578 0.554315 0.274089 0.595939
1 0.220052 0.594924 0.222656 0.60203 0.221354 0.628426 0.223307 0.634518 0.233724 0.64264 0.257812 0.645685 0.26237 0.64264 0.265625 0.633503 0.261719 0.62335 0.251302 0.607107 0.23763 0.596954 0.235677 0.582741 0.23112 0.574619 0.227214 0.572589 0.225911 0.575635 0.225911 0.583756 0.220052 0.594924
1 0.205078 0.66802 0.219401 0.672081 0.242188 0.674112 0.254557 0.671066 0.259766 0.680203 0.266276 0.681218 0.279297 0.664975 0.278646 0.653807 0.272786 0.64467 0.240234 0.646701 0.228841 0.64467 0.211589 0.634518 0.205729 0.637563 0.201823 0.646701 0.201823 0.660914 0.205078 0.66802
1 0.176432 0.676142 0.182943 0.678173 0.201172 0.672081 0.201172 0.657868 0.193359 0.647716 0.188802 0.628426 0.182292 0.628426 0.17513 0.635533 0.173828 0.669036 0.176432 0.676142
1 0.146484 0.673096 0.169271 0.670051 0.17513 0.653807 0.170573 0.64264 0.162109 0.638579 0.151042 0.640609 0.14388 0.648731 0.141276 0.667005 0.146484 0.673096
1 0.078125 0.543147 0.074219 0.540102 0.070964 0.548223 0.061764 0.541472 0.059896 0.549239 0.063802 0.568528 0.072266 0.574619 0.079427 0.605076 0.087891 0.611168 0.089193 0.603046 0.103516 0.609137 0.104818 0.622335 0.123047 0.645685 0.134766 0.638579 0.132161 0.601015 0.128255 0.587817 0.136719 0.561421 0.134115 0.546193 0.128906 0.543147 0.121094 0.550254 0.114583 0.546193 0.113932 0.524873 0.106771 0.507614 0.104167 0.48731 0.099609 0.475127 0.088542 0.480203 0.06901 0.463959 0.063802 0.467005 0.067708 0.491371 0.078125 0.517766 0.080078 0.537056 0.078125 0.543147
1 0.573568 0.393909 0.572266 0.398985 0.564453 0.403046 0.5625 0.409137 0.579427 0.436548 0.575521 0.459898 0.564453 0.451777 0.557292 0.452792 0.553385 0.461929 0.553385 0.475127 0.563802 0.499492 0.579427 0.518782 0.586589 0.542132 0.577474 0.567513 0.583333 0.607107 0.584635 0.609137 0.596354 0.6 0.609375 0.604061 0.613281 0.6 0.611979 0.594924 0.615234 0.589848 0.626953 0.580711 0.622396 0.553299 0.629557 0.53401 0.626302 0.527919 0.626953 0.515736 0.63151 0.51066 0.632812 0.495431 0.67513 0.455838 0.684896 0.440609 0.686849 0.429442 0.671875 0.424365 0.667969 0.416244 0.654297 0.429442 0.649089 0.416244 0.656901 0.383756 0.654297 0.368528 0.664714 0.349239 0.665365 0.343147 0.654297 0.322843 0.647135 0.320812 0.645182 0.313706 0.647786 0.307614 0.647135 0.293401 0.64974 0.282234 0.645833 0.275127 0.641276 0.275127 0.619141 0.291371 0.617839 0.301523 0.626302 0.316751 0.626953 0.326904 0.611979 0.341117 0.602865 0.370558 0.595052 0.359391 0.591797 0.345178 0.579427 0.336041 0.574219 0.340102 0.563151 0.368528 0.563151 0.375635 0.573568 0.393909
1 0.371745 0.438579 0.420573 0.629442 0.427734 0.624365 0.442057 0.622335 0.445964 0.607107 0.444661 0.595939 0.440755 0.594924 0.434896 0.583756 0.441406 0.563452 0.449219 0.556345 0.448568 0.545178 0.452474 0.537056 0.451172 0.529949 0.465495 0.484264 0.476562 0.478173 0.490234 0.455838 0.494792 0.438579 0.489583 0.420305 0.489583 0.396954 0.483398 0.392893 0.457031 0.342132 0.454427 0.299492 0.451172 0.298477 0.44401 0.31066 0.434896 0.303553 0.429688 0.304569 0.425781 0.319797 0.41862 0.329949 0.419922 0.339086 0.380208 0.4 0.369792 0.398985 0.365234 0.413198 0.363932 0.422335 0.371745 0.438579
1 0.360677 0.564467 0.363932 0.586802 0.376302 0.608122 0.375651 0.622335 0.369141 0.636548 0.369792 0.646701 0.373047 0.655838 0.379557 0.655838 0.391276 0.637563 0.393229 0.626396 0.393229 0.540102 0.376953 0.51269 0.361328 0.525888 0.363932 0.547208 0.360677 0.564467
1 0.322917 0.681218 0.330729 0.680203 0.33724 0.672081 0.348958 0.671066 0.352865 0.663959 0.354167 0.643655 0.345703 0.630457 0.341146 0.629442 0.332682 0.638579 0.322917 0.635533 0.317708 0.641624 0.317708 0.672081 0.322917 0.681218
1 0.470052 0.675127 0.473307 0.678173 0.480469 0.66802 0.485026 0.652792 0.486979 0.627411 0.477214 0.592893 0.470052 0.590863 0.466797 0.605076 0.464193 0.650761 0.470052 0.675127
1 0.389974 0.677157 0.405599 0.677157 0.410156 0.669036 0.410156 0.649746 0.417969 0.641624 0.417318 0.631472 0.404297 0.612183 0.39974 0.611168 0.395182 0.616244 0.384115 0.669036 0.389974 0.677157
1 0.413411 0.674112 0.43099 0.66599 0.442708 0.66802 0.450521 0.660914 0.447917 0.650761 0.440755 0.643655 0.417969 0.64467 0.410156 0.651777 0.409505 0.667005 0.413411 0.674112
1 0.46224 0.664975 0.463542 0.649746 0.45638 0.643655 0.451823 0.646701 0.450521 0.664975 0.46224 0.664975
1 0.574219 0.648731 0.585286 0.645685 0.595052 0.630457 0.61263 0.626396 0.619141 0.610152 0.613281 0.6 0.600911 0.609137 0.595052 0.603046 0.576823 0.619289 0.567708 0.622335 0.564453 0.630457 0.563802 0.637563 0.574219 0.648731
1 0.527995 0.524873 0.529297 0.538071 0.53776 0.552284 0.52474 0.564467 0.52474 0.571574 0.53125 0.587817 0.528646 0.606091 0.529948 0.626396 0.527995 0.639594 0.522135 0.64467 0.515625 0.622335 0.509115 0.612183 0.504557 0.611168 0.49349 0.636548 0.490885 0.649746 0.49349 0.655838 0.490885 0.664975 0.498047 0.678173 0.516276 0.673096 0.52474 0.66599 0.538411 0.66599 0.55013 0.677157 0.554688 0.669036 0.558594 0.669036 0.565104 0.660914 0.563151 0.617259 0.555339 0.585787 0.559896 0.550254 0.55599 0.495431 0.551432 0.482234 0.540365 0.477157 0.535807 0.477157 0.528646 0.486294 0.51237 0.490355 0.514974 0.506599 0.527995 0.524873
1 0.727865 0.416244 0.731771 0.429442 0.738932 0.440609 0.738281 0.452792 0.733724 0.46599 0.726562 0.470051 0.720703 0.492386 0.698568 0.523858 0.697266 0.53401 0.702474 0.552284 0.716797 0.574619 0.712891 0.596954 0.709635 0.598985 0.710938 0.619289 0.719401 0.631472 0.72526 0.652792 0.734375 0.658883 0.740885 0.654822 0.751302 0.636548 0.759115 0.594924 0.764974 0.586802 0.778646 0.584772 0.782552 0.579695 0.779948 0.559391 0.765625 0.549239 0.776693 0.513706 0.789062 0.507614 0.807292 0.491371 0.810113 0.471743 0.829427 0.455838 0.834635 0.428426 0.828776 0.409137 0.818359 0.416244 0.80599 0.414213 0.804036 0.389848 0.798177 0.372589 0.79362 0.367513 0.783203 0.366497 0.77474 0.40203 0.766927 0.395431 0.764323 0.352284 0.742839 0.359391 0.733724 0.348223 0.728516 0.35533 0.725911 0.383756 0.727865 0.416244
1 0.921875 0.495431 0.93099 0.509645 0.934896 0.521827 0.93099 0.55736 0.944661 0.572589 0.947266 0.586802 0.940755 0.607107 0.945312 0.616244 0.950521 0.618274 0.958984 0.647716 0.96224 0.652792 0.969401 0.653807 0.976562 0.634518 0.972656 0.629442 0.975911 0.618274 0.972005 0.606091 0.972005 0.594924 0.966797 0.589848 0.966146 0.579695 0.973307 0.570558 0.973307 0.551269 0.999349 0.519797 0.999349 0.472081 0.994141 0.472081 0.984049 0.493909 0.975911 0.486294 0.971354 0.474112 0.970703 0.426396 0.962891 0.408122 0.960938 0.390863 0.957031 0.387817 0.951172 0.390863 0.945964 0.42132 0.935547 0.441624 0.928385 0.447716 0.929036 0.476142 0.921875 0.495431
1 0.82487 0.575635 0.818359 0.57665 0.817708 0.588832 0.827474 0.631472 0.826823 0.649746 0.835938 0.667005 0.841797 0.672081 0.852865 0.66599 0.854167 0.651777 0.839193 0.609137 0.845052 0.59797 0.852214 0.595939 0.865885 0.568528 0.866536 0.558376 0.861979 0.553299 0.865885 0.540102 0.860677 0.524873 0.863932 0.505584 0.858724 0.499492 0.847656 0.497462 0.833984 0.522843 0.836589 0.540102 0.82487 0.575635
1 0.869141 0.683249 0.893229 0.681218 0.900391 0.684264 0.904297 0.682234 0.905599 0.676142 0.901693 0.649746 0.883464 0.617259 0.875 0.625381 0.869792 0.649746 0.860026 0.652792 0.855469 0.659898 0.856771 0.675127 0.869141 0.683249
1 0.90625 0.671066 0.914714 0.672081 0.917969 0.66802 0.928385 0.671066 0.93099 0.667005 0.928385 0.641624 0.907552 0.636548 0.902995 0.643655 0.902995 0.663959 0.90625 0.671066
1 0.661458 0.653807 0.670199 0.651018 0.67513 0.667005 0.681641 0.671066 0.690104 0.671066 0.692057 0.649746 0.685547 0.631472 0.66862 0.614213 0.660807 0.616244 0.654948 0.625381 0.654297 0.638579 0.661458 0.653807
1 0.658854 0.681218 0.664714 0.680203 0.671224 0.66599 0.667969 0.649746 0.653646 0.653807 0.647786 0.663959 0.648438 0.676142 0.658854 0.681218
1 0.642578 0.634518 0.64974 0.631472 0.652995 0.62335 0.651042 0.612183 0.632812 0.612183 0.630208 0.616244 0.63151 0.629442 0.642578 0.634518
1 0.945312 0.66802 0.953125 0.66802 0.957682 0.657868 0.957031 0.649746 0.942057 0.617259 0.934896 0.618274 0.936849 0.655838 0.945312 0.66802
1 0.966797 0.653807 0.967448 0.660914 0.976562 0.681218 0.992839 0.680203 0.999349 0.674112 0.999349 0.583756 0.983724 0.598985 0.980469 0.607107 0.984469 0.650995 0.966797 0.653807
1 0.965495 0.682234 0.96875 0.680203 0.970703 0.664975 0.959635 0.654822 0.952474 0.669036 0.953776 0.682234 0.965495 0.682234
1 0.933594 0.684264 0.939453 0.684264 0.943359 0.680203 0.94401 0.671066 0.941406 0.664975 0.934245 0.663959 0.93099 0.678173 0.933594 0.684264
1 0.759115 0.662944 0.768229 0.672081 0.785807 0.679188 0.791667 0.674112 0.800781 0.653807 0.804036 0.632487 0.800781 0.627411 0.796875 0.625381 0.794922 0.628426 0.785807 0.620305 0.779948 0.639594 0.771484 0.640609 0.763672 0.632487 0.755859 0.637563 0.754557 0.64467 0.759115 0.662944
1 0.816406 0.680203 0.82487 0.680203 0.830729 0.66599 0.825521 0.646701 0.82487 0.626396 0.809896 0.634518 0.810547 0.670051 0.816406 0.680203
1 0.70638 0.66599 0.723958 0.672081 0.73112 0.664975 0.729818 0.656853 0.712891 0.635533 0.70638 0.632487 0.703125 0.641624 0.702474 0.653807 0.70638 0.66599
1 0.735026 0.674112 0.740885 0.678173 0.745443 0.676142 0.745443 0.667005 0.741536 0.659898 0.733073 0.661929 0.732422 0.669036 0.735026 0.674112
1 0.741536 0.677157 0.751302 0.677157 0.759115 0.669036 0.749349 0.645685 0.734375 0.662944 0.733724 0.672081 0.741536 0.677157
1 0.695964 0.677157 0.69987 0.676142 0.703125 0.669036 0.701823 0.657868 0.696615 0.650761 0.692057 0.656853 0.690755 0.672081 0.695964 0.677157
1 0.610677 0.680203 0.64388 0.672081 0.655599 0.678173 0.661458 0.669036 0.658203 0.656853 0.651042 0.648731 0.641927 0.649746 0.615234 0.641624 0.610026 0.643655 0.604818 0.655838 0.604818 0.672081 0.610677 0.680203
1 0.572266 0.395939 0.5625 0.405076 0.564453 0.415228 0.541667 0.478173 0.535807 0.477157 0.53125 0.485279 0.516927 0.48731 0.513021 0.491371 0.515625 0.506599 0.520182 0.511675 0.529297 0.647716 0.527344 0.663959 0.55013 0.679188 0.563802 0.672081 0.582682 0.673096 0.603516 0.660914 0.611762 0.62978 0.619792 0.615228 0.617188 0.593909 0.628255 0.579695 0.623047 0.564467 0.624349 0.553299 0.629557 0.542132 0.629557 0.526904 0.63737 0.48934 0.660807 0.472081 0.67513 0.456853 0.6875 0.433503 0.685547 0.427411 0.671875 0.42335 0.66862 0.418274 0.664714 0.418274 0.650391 0.433503 0.644531 0.428426 0.65625 0.387817 0.654948 0.368528 0.665365 0.345178 0.65625 0.325888 0.647135 0.319797 0.649089 0.282234 0.646484 0.277157 0.639974 0.277157 0.621094 0.292386 0.61849 0.296447 0.619792 0.305584 0.593099 0.345178 0.580078 0.336041 0.574219 0.340102 0.5625 0.371574 0.572266 0.395939
1 0.0 0.537056 0.011068 0.53401 0.033854 0.502538 0.029948 0.476142 0.035156 0.456853 0.032552 0.447716 0.02474 0.439594 0.01888 0.42132 0.009766 0.414213 0.005859 0.417259 0.0 0.428426 0.0 0.537056
1 0.0 0.671066 0.008464 0.678173 0.026693 0.678173 0.033203 0.667005 0.03776 0.637563 0.030599 0.628426 0.025391 0.611168 0.01888 0.606091 0.008464 0.609137 0.0 0.622335 0.0 0.671066
1 0.048177 0.677157 0.056641 0.673096 0.059245 0.664975 0.057943 0.652792 0.048177 0.626396 0.042318 0.625381 0.03776 0.637563 0.033203 0.671066 0.048177 0.677157
1 0.059896 0.669036 0.065104 0.670051 0.078125 0.653807 0.083333 0.637563 0.08138 0.626396 0.070312 0.615228 0.065755 0.588832 0.059896 0.585787 0.056641 0.589848 0.05599 0.656853 0.059896 0.669036
1 0.07361 0.660077 0.069661 0.671066 0.073568 0.676142 0.08724 0.673096 0.113281 0.678173 0.121094 0.669036 0.120443 0.649746 0.117188 0.641624 0.099609 0.627411 0.087891 0.62335 0.074219 0.627411 0.075682 0.647156 0.07361 0.660077
1 0.129557 0.667005 0.138021 0.667005 0.141927 0.655838 0.141927 0.646701 0.138021 0.636548 0.132161 0.633503 0.125 0.64467 0.124349 0.659898 0.129557 0.667005
1 0.369792 0.680203 0.369141 0.676142 0.376302 0.670051 0.377604 0.664975 0.367188 0.643655 0.367188 0.634518 0.356771 0.622335 0.354818 0.629442 0.353516 0.66802 0.369792 0.680203