1 0.15728 0.537473 0.173077 0.549251 0.180632 0.571734 0.178571 0.593148 0.17239 0.608137 0.146978 0.632762 0.135302 0.635974 0.131868 0.642398 0.131868 0.653105 0.135302 0.657388 0.153846 0.658458 0.176511 0.649893 0.194368 0.630621 0.226648 0.527837 0.238324 0.519272 0.236264 0.502141 0.241758 0.485011 0.243819 0.455032 0.239011 0.43576 0.23489 0.43576 0.225962 0.447537 0.20467 0.41863 0.216346 0.40257 0.225962 0.376874 0.223214 0.368308 0.212912 0.367238 0.201923 0.343683 0.188874 0.342612 0.183379 0.365096 0.171016 0.361884 0.168269 0.368308 0.167582 0.392934 0.159341 0.401499 0.150412 0.392934 0.133929 0.395075 0.130495 0.400428 0.12706 0.427195 0.127747 0.444325 0.133929 0.453961 0.135302 0.463597 0.140797 0.471092 0.146291 0.488223 0.157967 0.504283 0.15728 0.537473
1 0.299451 0.570664 0.309753 0.599572 0.311126 0.617773 0.304258 0.62955 0.296016 0.632762 0.296016 0.64561 0.301511 0.662741 0.311126 0.664882 0.322115 0.658458 0.32967 0.637045 0.337912 0.58137 0.341346 0.574946 0.342033 0.559957 0.335165 0.54818 0.335165 0.542827 0.340659 0.524625 0.344093 0.496788 0.340659 0.486081 0.337225 0.488223 0.3125 0.431478 0.309753 0.41863 0.296703 0.410064 0.293269 0.421842 0.293269 0.45182 0.290522 0.465739 0.29739 0.494647 0.296703 0.508565 0.307692 0.540685 0.306319 0.551392 0.299451 0.559957 0.299451 0.570664
1 0.302885 0.683084 0.300824 0.668094 0.293956 0.655246 0.289835 0.635974 0.289148 0.594218 0.291896 0.586724 0.293269 0.556745 0.285027 0.552463 0.26511 0.56424 0.262363 0.574946 0.269231 0.618844 0.278846 0.64561 0.276786 0.689507 0.281593 0.695931 0.300824 0.691649 0.300137 0.686296 0.302885 0.683084
1 0.256868 0.668094 0.260302 0.658458 0.256181 0.647752 0.245192 0.630621 0.230769 0.619914 0.228709 0.604925 0.223901 0.59636 0.21978 0.594218 0.218407 0.59743 0.218407 0.605996 0.212225 0.617773 0.214973 0.625268 0.213599 0.653105 0.215659 0.659529 0.226648 0.668094 0.25206 0.671306 0.256868 0.668094
1 0.274725 0.691649 0.274038 0.679872 0.267857 0.670236 0.233516 0.672377 0.221497 0.670236 0.203297 0.659529 0.197115 0.662741 0.192995 0.672377 0.192995 0.687366 0.196429 0.694861 0.211538 0.699143 0.235577 0.701285 0.248626 0.698073 0.254121 0.707709 0.260989 0.708779 0.274725 0.691649
1 0.17239 0.653105 0.164835 0.6606 0.163462 0.695931 0.166209 0.703426 0.173077 0.705567 0.192308 0.699143 0.192308 0.684154 0.184066 0.673448 0.179258 0.653105 0.17239 0.653105
1 0.131868 0.674518 0.129121 0.69379 0.134615 0.700214 0.158654 0.697002 0.164835 0.679872 0.160027 0.668094 0.151099 0.663812 0.139423 0.665953 0.131868 0.674518
1 0.056319 0.59636 0.063874 0.62848 0.072802 0.634904 0.074176 0.626338 0.089286 0.632762 0.090659 0.646681 0.10989 0.671306 0.122253 0.663812 0.119505 0.624197 0.115385 0.610278 0.124313 0.582441 0.121566 0.566381 0.116071 0.563169 0.10783 0.570664 0.100962 0.566381 0.100275 0.543897 0.09272 0.525696 0.089973 0.504283 0.085165 0.491435 0.073489 0.496788 0.052885 0.479657 0.04739 0.482869 0.051511 0.508565 0.0625 0.536403 0.06456 0.556745 0.0625 0.563169 0.058379 0.559957 0.054945 0.568522 0.04524 0.561403 0.043269 0.569593 0.04739 0.589936 0.056319 0.59636
1 0.575549 0.466809 0.567995 0.46788 0.563874 0.477516 0.563874 0.491435 0.574863 0.517131 0.591346 0.537473 0.598901 0.562099 0.589286 0.588865 0.595467 0.630621 0.596841 0.632762 0.609203 0.623126 0.62294 0.627409 0.62706 0.623126 0.625687 0.617773 0.629121 0.61242 0.641484 0.602784 0.636676 0.573876 0.644231 0.553533 0.640797 0.547109 0.641484 0.534261 0.646291 0.528908 0.647665 0.512848 0.692308 0.471092 0.70261 0.455032 0.70467 0.443255 0.688874 0.437901 0.684753 0.429336 0.67033 0.443255 0.664835 0.429336 0.673077 0.395075 0.67033 0.379015 0.681319 0.358672 0.682005 0.352248 0.67033 0.330835 0.662775 0.328694 0.660714 0.321199 0.663462 0.314775 0.662775 0.299786 0.665522 0.288009 0.661401 0.280514 0.656593 0.280514 0.633242 0.297645 0.631868 0.308351 0.640797 0.324411 0.641484 0.335118 0.625687 0.350107 0.616071 0.381156 0.60783 0.369379 0.604396 0.35439 0.591346 0.344754 0.585852 0.349036 0.574176 0.379015 0.574176 0.38651 0.585165 0.405782 0.583791 0.411135 0.575549 0.415418 0.573489 0.421842 0.591346 0.450749 0.587225 0.475375 0.575549 0.466809
1 0.445055 0.617773 0.438874 0.605996 0.445742 0.584582 0.453984 0.577088 0.453297 0.56531 0.457418 0.556745 0.456044 0.549251 0.471154 0.501071 0.48283 0.494647 0.497253 0.471092 0.50206 0.452891 0.496566 0.433619 0.496566 0.408994 0.490041 0.404711 0.462225 0.351178 0.459478 0.30621 0.456044 0.305139 0.448489 0.317987 0.438874 0.310493 0.433379 0.311563 0.429258 0.327623 0.421703 0.33833 0.423077 0.347966 0.381181 0.412206 0.370192 0.411135 0.365385 0.426124 0.364011 0.43576 0.372253 0.452891 0.423764 0.654176 0.431319 0.648822 0.446429 0.646681 0.450549 0.630621 0.449176 0.618844 0.445055 0.617773
1 0.373626 0.682013 0.380495 0.682013 0.392857 0.662741 0.394918 0.650964 0.394918 0.559957 0.377747 0.531049 0.361264 0.544968 0.364011 0.567452 0.360577 0.585653 0.364011 0.609208 0.37706 0.631692 0.376374 0.646681 0.369505 0.66167 0.370192 0.672377 0.373626 0.682013
1 0.34478 0.655246 0.339973 0.654176 0.331044 0.663812 0.320742 0.6606 0.315247 0.667024 0.315247 0.699143 0.320742 0.708779 0.328984 0.707709 0.335852 0.699143 0.348214 0.698073 0.352335 0.690578 0.353709 0.669165 0.34478 0.655246
1 0.475962 0.61349 0.472527 0.62848 0.46978 0.67666 0.475962 0.702355 0.479396 0.705567 0.486951 0.694861 0.491758 0.678801 0.493819 0.652034 0.483516 0.615632 0.475962 0.61349
1 0.406593 0.635974 0.401786 0.634904 0.396978 0.640257 0.385302 0.695931 0.391484 0.704497 0.407967 0.704497 0.412775 0.695931 0.412775 0.675589 0.421016 0.667024 0.42033 0.656317 0.406593 0.635974
1 0.421016 0.670236 0.412775 0.67773 0.412088 0.69379 0.416209 0.701285 0.434753 0.692719 0.447115 0.694861 0.455357 0.687366 0.45261 0.67666 0.445055 0.669165 0.421016 0.670236
1 0.469093 0.675589 0.461538 0.669165 0.456731 0.672377 0.455357 0.691649 0.46772 0.691649 0.469093 0.675589
1 0.614011 0.632762 0.60783 0.626338 0.588599 0.643469 0.578984 0.646681 0.575549 0.655246 0.574863 0.662741 0.585852 0.674518 0.597527 0.671306 0.60783 0.655246 0.626374 0.650964 0.633242 0.633833 0.62706 0.623126 0.614011 0.632762
1 0.537775 0.62955 0.539148 0.650964 0.537088 0.664882 0.530907 0.670236 0.524038 0.646681 0.51717 0.635974 0.512363 0.634904 0.500687 0.66167 0.49794 0.675589 0.500687 0.682013 0.49794 0.691649 0.505495 0.705567 0.524725 0.700214 0.533654 0.692719 0.548077 0.692719 0.56044 0.704497 0.565247 0.695931 0.569368 0.695931 0.576236 0.687366 0.574176 0.641328 0.565934 0.608137 0.570742 0.570664 0.566621 0.512848 0.561813 0.498929 0.550137 0.493576 0.54533 0.493576 0.537775 0.503212 0.520604 0.507495 0.523352 0.524625 0.537088 0.543897 0.538462 0.557816 0.54739 0.572805 0.533654 0.585653 0.533654 0.593148 0.540522 0.610278 0.537775 0.62955
1 0.740385 0.509636 0.717033 0.542827 0.715659 0.553533 0.721154 0.572805 0.736264 0.59636 0.732143 0.619914 0.728709 0.622056 0.730082 0.643469 0.739011 0.656317 0.745192 0.678801 0.754808 0.685225 0.761676 0.680942 0.772665 0.66167 0.780907 0.617773 0.787088 0.609208 0.801511 0.607066 0.805632 0.601713 0.802885 0.5803 0.787775 0.569593 0.799451 0.53212 0.8125 0.525696 0.831731 0.508565 0.834707 0.487866 0.855082 0.471092 0.860577 0.442184 0.854396 0.421842 0.843407 0.429336 0.830357 0.427195 0.828297 0.401499 0.822115 0.383298 0.817308 0.377944 0.806319 0.376874 0.79739 0.414347 0.789148 0.407388 0.786401 0.361884 0.763736 0.369379 0.754121 0.357602 0.748626 0.365096 0.745879 0.395075 0.74794 0.429336 0.75206 0.443255 0.759615 0.455032 0.758929 0.46788 0.754121 0.481799 0.746566 0.486081 0.740385 0.509636
1 1.0 0.430407 0.995879 0.420771 0.993819 0.40257 0.989698 0.399358 0.983516 0.40257 0.978022 0.43469 0.967033 0.456103 0.959478 0.462527 0.960165 0.492505 0.95261 0.512848 0.962225 0.527837 0.966346 0.540685 0.962225 0.578158 0.976648 0.594218 0.979396 0.609208 0.972527 0.630621 0.977335 0.640257 0.98283 0.642398 0.991758 0.673448 0.995192 0.678801 1.0 0.679482 1.0 0.61242 0.999313 0.601713 1.0 0.600837 1.0 0.430407
1 0.868132 0.699143 0.879808 0.692719 0.881181 0.67773 0.865385 0.632762 0.871566 0.620985 0.879121 0.618844 0.893544 0.589936 0.894231 0.579229 0.889423 0.573876 0.893544 0.559957 0.888049 0.543897 0.891484 0.523555 0.885989 0.517131 0.874313 0.514989 0.85989 0.541756 0.862637 0.559957 0.850275 0.59743 0.843407 0.598501 0.84272 0.611349 0.853022 0.656317 0.852335 0.675589 0.861951 0.69379 0.868132 0.699143
1 0.912088 0.641328 0.903159 0.649893 0.897665 0.675589 0.887363 0.678801 0.882555 0.686296 0.883929 0.702355 0.896978 0.710921 0.92239 0.708779 0.929945 0.711991 0.934066 0.70985 0.93544 0.703426 0.931319 0.675589 0.912088 0.641328
1 0.9375 0.66167 0.932692 0.669165 0.932692 0.690578 0.936126 0.698073 0.945055 0.699143 0.948489 0.694861 0.959478 0.698073 0.962225 0.69379 0.959478 0.667024 0.9375 0.66167
1 0.703297 0.656317 0.68544 0.638116 0.677198 0.640257 0.671016 0.649893 0.67033 0.663812 0.677885 0.679872 0.687105 0.67693 0.692308 0.69379 0.699176 0.698073 0.708104 0.698073 0.710165 0.675589 0.703297 0.656317
1 0.664148 0.703426 0.675137 0.708779 0.681319 0.707709 0.688187 0.692719 0.684753 0.675589 0.669643 0.679872 0.663462 0.690578 0.664148 0.703426
1 0.646291 0.654176 0.657967 0.659529 0.665522 0.656317 0.668956 0.647752 0.666896 0.635974 0.647665 0.635974 0.644918 0.640257 0.646291 0.654176
1 0.968407 0.682013 0.977335 0.694861 0.985577 0.694861 0.990385 0.684154 0.989698 0.675589 0.973901 0.641328 0.966346 0.642398 0.968407 0.682013
1 1.0 0.68787 0.992445 0.680942 0.98489 0.695931 0.986264 0.70985 0.998626 0.70985 1.0 0.708994 1.0 0.68787
1 0.962225 0.705567 0.964973 0.711991 0.971154 0.711991 0.975275 0.707709 0.975962 0.698073 0.973214 0.691649 0.965659 0.690578 0.962225 0.705567
1 0.824863 0.652034 0.820742 0.649893 0.818681 0.653105 0.809066 0.64454 0.802885 0.664882 0.793956 0.665953 0.785714 0.657388 0.777473 0.662741 0.776099 0.670236 0.780907 0.689507 0.790522 0.699143 0.809066 0.706638 0.815247 0.701285 0.824863 0.679872 0.828297 0.657388 0.824863 0.652034
1 0.835165 0.697002 0.841346 0.707709 0.850275 0.707709 0.856456 0.692719 0.850962 0.672377 0.850275 0.650964 0.834478 0.659529 0.835165 0.697002
1 0.721841 0.667024 0.721154 0.679872 0.725275 0.692719 0.743819 0.699143 0.751374 0.691649 0.75 0.683084 0.732143 0.6606 0.725275 0.657388 0.721841 0.667024
1 0.752747 0.695931 0.755495 0.701285 0.761676 0.705567 0.766484 0.703426 0.766484 0.69379 0.762363 0.686296 0.753434 0.688437 0.752747 0.695931
1 0.762363 0.704497 0.772665 0.704497 0.780907 0.695931 0.770604 0.671306 0.754808 0.689507 0.754121 0.699143 0.762363 0.704497
1 0.708791 0.699143 0.714286 0.704497 0.718407 0.703426 0.721841 0.695931 0.720467 0.684154 0.714973 0.67666 0.710165 0.683084 0.708791 0.699143
1 0.65728 0.675589 0.629121 0.667024 0.623626 0.669165 0.618132 0.682013 0.618132 0.699143 0.624313 0.707709 0.659341 0.699143 0.671703 0.705567 0.677885 0.695931 0.674451 0.683084 0.666896 0.674518 0.65728 0.675589
1 0.525412 0.504283 0.521291 0.508565 0.524038 0.524625 0.528846 0.529979 0.538462 0.673448 0.536401 0.690578 0.56044 0.706638 0.574863 0.699143 0.59478 0.700214 0.616758 0.687366 0.625458 0.654532 0.633929 0.639186 0.631181 0.616702 0.642857 0.601713 0.637363 0.585653 0.638736 0.573876 0.644231 0.562099 0.644231 0.546039 0.652473 0.506424 0.677198 0.488223 0.692308 0.472163 0.705357 0.447537 0.703297 0.441113 0.688874 0.436831 0.68544 0.431478 0.681319 0.431478 0.666209 0.447537 0.660027 0.442184 0.67239 0.399358 0.671016 0.379015 0.682005 0.35439 0.67239 0.334047 0.662775 0.327623 0.664835 0.288009 0.662088 0.282655 0.65522 0.282655 0.635302 0.298715 0.632555 0.302998 0.633929 0.312634 0.605769 0.35439 0.592033 0.344754 0.585852 0.349036 0.573489 0.382227 0.583791 0.407923 0.573489 0.417559 0.575549 0.428266 0.551511 0.494647 0.54533 0.493576 0.540522 0.502141 0.525412 0.504283
1 0.0 0.542153 0.015797 0.520343 0.011676 0.492505 0.01717 0.472163 0.014423 0.462527 0.006181 0.453961 0.0 0.43469 0.0 0.542153
1 0.0 0.705567 0.008242 0.705567 0.01511 0.69379 0.019918 0.662741 0.012363 0.653105 0.006868 0.634904 0.0 0.62955 0.0 0.705567
1 0.019918 0.662741 0.01511 0.698073 0.030907 0.704497 0.039835 0.700214 0.042582 0.691649 0.041209 0.678801 0.030907 0.650964 0.024725 0.649893 0.019918 0.662741
1 0.049451 0.611349 0.043269 0.608137 0.039835 0.61242 0.039148 0.683084 0.043269 0.695931 0.048764 0.697002 0.0625 0.679872 0.067995 0.662741 0.065934 0.650964 0.054258 0.639186 0.049451 0.611349
1 0.107143 0.675589 0.103709 0.667024 0.085165 0.652034 0.072802 0.647752 0.058379 0.652034 0.059922 0.672858 0.057737 0.686484 0.053571 0.698073 0.057692 0.703426 0.072115 0.700214 0.099588 0.705567 0.10783 0.695931 0.107143 0.675589
1 0.111951 0.670236 0.111264 0.686296 0.116758 0.69379 0.125687 0.69379 0.129808 0.682013 0.129808 0.672377 0.125687 0.66167 0.119505 0.658458 0.111951 0.670236
1 0.356456 0.646681 0.354396 0.654176 0.353022 0.694861 0.370192 0.707709 0.369505 0.703426 0.37706 0.697002 0.378434 0.691649 0.367445 0.669165 0.367445 0.659529 0.356456 0.646681