1 0.165344 0.525773 0.180556 0.537113 0.187831 0.558763 0.185847 0.579381 0.179894 0.593814 0.155423 0.617526 0.14418 0.620619 0.140873 0.626804 0.140873 0.637113 0.14418 0.641237 0.162037 0.642268 0.183862 0.634021 0.201058 0.615464 0.232143 0.516495 0.243386 0.508247 0.241402 0.491753 0.246693 0.475258 0.248677 0.446392 0.244048 0.427835 0.240079 0.427835 0.231481 0.439175 0.210979 0.41134 0.222222 0.395876 0.231481 0.371134 0.228836 0.362887 0.218915 0.361856 0.208333 0.339175 0.195767 0.338144 0.190476 0.359794 0.178571 0.356701 0.175926 0.362887 0.175265 0.386598 0.167328 0.394845 0.15873 0.386598 0.142857 0.38866 0.13955 0.393814 0.136243 0.419588 0.136905 0.436082 0.142857 0.445361 0.14418 0.454639 0.149471 0.461856 0.154762 0.478351 0.166005 0.493814 0.165344 0.525773
1 0.302249 0.557732 0.312169 0.585567 0.313492 0.603093 0.306878 0.614433 0.298942 0.617526 0.298942 0.629897 0.304233 0.646392 0.313492 0.648454 0.324074 0.642268 0.331349 0.621649 0.339286 0.568041 0.342593 0.561856 0.343254 0.547423 0.33664 0.536082 0.33664 0.530928 0.341931 0.513402 0.345238 0.486598 0.341931 0.476289 0.338624 0.478351 0.314815 0.423711 0.312169 0.41134 0.299603 0.403093 0.296296 0.414433 0.296296 0.443299 0.293651 0.456701 0.300265 0.484536 0.299603 0.497938 0.310185 0.528866 0.308862 0.539175 0.302249 0.547423 0.302249 0.557732
1 0.305556 0.665979 0.303571 0.651546 0.296958 0.639175 0.292989 0.620619 0.292328 0.580412 0.294974 0.573196 0.296296 0.54433 0.28836 0.540206 0.26918 0.551546 0.266534 0.561856 0.273148 0.604124 0.282407 0.629897 0.280423 0.672165 0.285053 0.678351 0.303571 0.674227 0.30291 0.669072 0.305556 0.665979
1 0.261243 0.651546 0.26455 0.642268 0.260582 0.631959 0.25 0.615464 0.236111 0.605155 0.234127 0.590722 0.229497 0.582474 0.225529 0.580412 0.224206 0.583505 0.224206 0.591753 0.218254 0.603093 0.220899 0.610309 0.219577 0.637113 0.221561 0.643299 0.232143 0.651546 0.256614 0.654639 0.261243 0.651546
1 0.278439 0.674227 0.277778 0.662887 0.271825 0.653608 0.238757 0.65567 0.227183 0.653608 0.209656 0.643299 0.203704 0.646392 0.199735 0.65567 0.199735 0.670103 0.203042 0.67732 0.217593 0.681443 0.240741 0.683505 0.253307 0.680412 0.258598 0.689691 0.265212 0.690722 0.278439 0.674227
1 0.179894 0.637113 0.172619 0.64433 0.171296 0.678351 0.173942 0.685567 0.180556 0.687629 0.199074 0.681443 0.199074 0.66701 0.191138 0.656701 0.186508 0.637113 0.179894 0.637113
1 0.140873 0.657732 0.138228 0.676289 0.143519 0.682474 0.166667 0.679381 0.172619 0.662887 0.167989 0.651546 0.159392 0.647423 0.148148 0.649485 0.140873 0.657732
1 0.068122 0.582474 0.075397 0.613402 0.083995 0.619588 0.085317 0.61134 0.099868 0.617526 0.10119 0.630928 0.119709 0.654639 0.131614 0.647423 0.128968 0.609278 0.125 0.595876 0.133598 0.569072 0.130952 0.553608 0.125661 0.550515 0.117725 0.557732 0.111111 0.553608 0.11045 0.531959 0.103175 0.514433 0.100529 0.493814 0.095899 0.481443 0.084656 0.486598 0.064815 0.470103 0.059524 0.473196 0.063492 0.497938 0.074074 0.524742 0.076058 0.54433 0.074074 0.550515 0.070106 0.547423 0.066799 0.55567 0.057453 0.548814 0.055556 0.556701 0.059524 0.576289 0.068122 0.582474
1 0.568122 0.457732 0.560847 0.458763 0.556878 0.468041 0.556878 0.481443 0.56746 0.506186 0.583333 0.525773 0.590608 0.549485 0.581349 0.575258 0.587302 0.615464 0.588624 0.617526 0.600529 0.608247 0.613757 0.612371 0.617725 0.608247 0.616402 0.603093 0.619709 0.597938 0.631614 0.58866 0.626984 0.560825 0.634259 0.541237 0.630952 0.535052 0.631614 0.52268 0.636243 0.517526 0.637566 0.502062 0.680556 0.461856 0.690476 0.446392 0.69246 0.435052 0.677249 0.429897 0.67328 0.421649 0.659392 0.435052 0.654101 0.421649 0.662037 0.38866 0.659392 0.373196 0.669974 0.353608 0.670635 0.347423 0.659392 0.326804 0.652116 0.324742 0.650132 0.317526 0.652778 0.31134 0.652116 0.296907 0.654762 0.285567 0.650794 0.278351 0.646164 0.278351 0.623677 0.294845 0.622354 0.305155 0.630952 0.320619 0.631614 0.330928 0.616402 0.345361 0.607143 0.375258 0.599206 0.363918 0.595899 0.349485 0.583333 0.340206 0.578042 0.34433 0.566799 0.373196 0.566799 0.380412 0.577381 0.398969 0.576058 0.404124 0.568122 0.408247 0.566138 0.414433 0.583333 0.442268 0.579365 0.465979 0.568122 0.457732
1 0.44246 0.603093 0.436508 0.591753 0.443122 0.571134 0.451058 0.563918 0.450397 0.552577 0.454365 0.54433 0.453042 0.537113 0.467593 0.490722 0.478836 0.484536 0.492725 0.461856 0.497354 0.44433 0.492063 0.425773 0.492063 0.402062 0.48578 0.397938 0.458995 0.346392 0.456349 0.303093 0.453042 0.302062 0.445767 0.314433 0.436508 0.307216 0.431217 0.308247 0.427249 0.323711 0.419974 0.334021 0.421296 0.343299 0.380952 0.405155 0.37037 0.404124 0.365741 0.418557 0.364418 0.427835 0.372354 0.44433 0.421958 0.638144 0.429233 0.63299 0.443783 0.630928 0.447751 0.615464 0.446429 0.604124 0.44246 0.603093
1 0.373677 0.664948 0.380291 0.664948 0.392196 0.646392 0.39418 0.635052 0.39418 0.547423 0.377646 0.519588 0.361772 0.53299 0.364418 0.554639 0.361111 0.572165 0.364418 0.594845 0.376984 0.616495 0.376323 0.630928 0.369709 0.645361 0.37037 0.65567 0.373677 0.664948
1 0.345899 0.639175 0.34127 0.638144 0.332672 0.647423 0.322751 0.64433 0.31746 0.650515 0.31746 0.681443 0.322751 0.690722 0.330688 0.689691 0.337302 0.681443 0.349206 0.680412 0.353175 0.673196 0.354497 0.652577 0.345899 0.639175
1 0.472222 0.598969 0.468915 0.613402 0.46627 0.659794 0.472222 0.684536 0.475529 0.687629 0.482804 0.67732 0.487434 0.661856 0.489418 0.636082 0.479497 0.601031 0.472222 0.598969
1 0.405423 0.620619 0.400794 0.619588 0.396164 0.624742 0.384921 0.678351 0.390873 0.686598 0.406746 0.686598 0.411376 0.678351 0.411376 0.658763 0.419312 0.650515 0.418651 0.640206 0.405423 0.620619
1 0.419312 0.653608 0.411376 0.660825 0.410714 0.676289 0.414683 0.683505 0.43254 0.675258 0.444444 0.67732 0.452381 0.670103 0.449735 0.659794 0.44246 0.652577 0.419312 0.653608
1 0.465608 0.658763 0.458333 0.652577 0.453704 0.65567 0.452381 0.674227 0.464286 0.674227 0.465608 0.658763
1 0.605159 0.617526 0.599206 0.61134 0.580688 0.627835 0.571429 0.630928 0.568122 0.639175 0.56746 0.646392 0.578042 0.657732 0.589286 0.654639 0.599206 0.639175 0.617063 0.635052 0.623677 0.618557 0.617725 0.608247 0.605159 0.617526
1 0.531746 0.614433 0.533069 0.635052 0.531085 0.648454 0.525132 0.653608 0.518519 0.630928 0.511905 0.620619 0.507275 0.619588 0.496032 0.645361 0.493386 0.658763 0.496032 0.664948 0.493386 0.674227 0.500661 0.687629 0.51918 0.682474 0.527778 0.675258 0.541667 0.675258 0.553571 0.686598 0.558201 0.678351 0.562169 0.678351 0.568783 0.670103 0.566799 0.625773 0.558862 0.593814 0.563492 0.557732 0.559524 0.502062 0.554894 0.48866 0.543651 0.483505 0.539021 0.483505 0.531746 0.492784 0.515212 0.496907 0.517857 0.513402 0.531085 0.531959 0.532407 0.545361 0.541005 0.559794 0.527778 0.572165 0.527778 0.579381 0.534392 0.595876 0.531746 0.614433
1 0.726852 0.498969 0.704365 0.530928 0.703042 0.541237 0.708333 0.559794 0.722884 0.582474 0.718915 0.605155 0.715608 0.607216 0.716931 0.627835 0.725529 0.640206 0.731481 0.661856 0.740741 0.668041 0.747354 0.663918 0.757937 0.645361 0.765873 0.603093 0.771825 0.594845 0.785714 0.592784 0.789683 0.587629 0.787037 0.56701 0.772487 0.556701 0.78373 0.520619 0.796296 0.514433 0.814815 0.497938 0.817681 0.478007 0.837302 0.461856 0.842593 0.434021 0.83664 0.414433 0.826058 0.421649 0.813492 0.419588 0.811508 0.394845 0.805556 0.37732 0.800926 0.372165 0.790344 0.371134 0.781746 0.407216 0.77381 0.400515 0.771164 0.356701 0.749339 0.363918 0.740079 0.352577 0.734788 0.359794 0.732143 0.38866 0.734127 0.421649 0.738095 0.435052 0.74537 0.446392 0.744709 0.458763 0.740079 0.472165 0.732804 0.476289 0.726852 0.498969
1 1.0 0.488361 0.994378 0.500515 0.986111 0.492784 0.981481 0.480412 0.98082 0.431959 0.972884 0.413402 0.970899 0.395876 0.966931 0.392784 0.960979 0.395876 0.955688 0.426804 0.945106 0.447423 0.937831 0.453608 0.938492 0.482474 0.931217 0.502062 0.940476 0.516495 0.944444 0.528866 0.940476 0.564948 0.954365 0.580412 0.957011 0.594845 0.950397 0.615464 0.955026 0.624742 0.960317 0.626804 0.968915 0.656701 0.972222 0.661856 0.979497 0.662887 0.986772 0.643299 0.982804 0.638144 0.986111 0.626804 0.982143 0.614433 0.982143 0.603093 0.976852 0.597938 0.97619 0.587629 0.983466 0.578351 0.983466 0.558763 1.0 0.538789 1.0 0.488361
1 0.849868 0.681443 0.861111 0.675258 0.862434 0.660825 0.847222 0.617526 0.853175 0.606186 0.86045 0.604124 0.874339 0.576289 0.875 0.565979 0.87037 0.560825 0.874339 0.547423 0.869048 0.531959 0.872354 0.512371 0.867063 0.506186 0.85582 0.504124 0.841931 0.529897 0.844577 0.547423 0.832672 0.583505 0.826058 0.584536 0.825397 0.596907 0.835317 0.640206 0.834656 0.658763 0.843915 0.676289 0.849868 0.681443
1 0.892196 0.625773 0.883598 0.634021 0.878307 0.658763 0.868386 0.661856 0.863757 0.669072 0.865079 0.684536 0.877646 0.692784 0.902116 0.690722 0.909392 0.693814 0.91336 0.691753 0.914683 0.685567 0.910714 0.658763 0.892196 0.625773
1 0.916667 0.645361 0.912037 0.652577 0.912037 0.673196 0.915344 0.680412 0.923942 0.681443 0.927249 0.67732 0.937831 0.680412 0.940476 0.676289 0.937831 0.650515 0.916667 0.645361
1 0.691138 0.640206 0.673942 0.62268 0.666005 0.624742 0.660053 0.634021 0.659392 0.647423 0.666667 0.662887 0.675546 0.660055 0.680556 0.676289 0.687169 0.680412 0.695767 0.680412 0.697751 0.658763 0.691138 0.640206
1 0.653439 0.685567 0.664021 0.690722 0.669974 0.689691 0.676587 0.675258 0.67328 0.658763 0.65873 0.662887 0.652778 0.673196 0.653439 0.685567
1 0.636243 0.638144 0.647487 0.643299 0.654762 0.640206 0.658069 0.631959 0.656085 0.620619 0.637566 0.620619 0.634921 0.624742 0.636243 0.638144
1 0.946429 0.664948 0.955026 0.67732 0.962963 0.67732 0.967593 0.66701 0.966931 0.658763 0.95172 0.625773 0.944444 0.626804 0.946429 0.664948
1 1.0 0.601418 0.994048 0.607216 0.990741 0.615464 0.994805 0.660031 0.976852 0.662887 0.977513 0.670103 0.986772 0.690722 1.0 0.689897 1.0 0.601418
1 0.975529 0.691753 0.978836 0.689691 0.98082 0.674227 0.969577 0.663918 0.962302 0.678351 0.963624 0.691753 0.975529 0.691753
1 0.940476 0.687629 0.943122 0.693814 0.949074 0.693814 0.953042 0.689691 0.953704 0.680412 0.951058 0.674227 0.943783 0.673196 0.940476 0.687629
1 0.808201 0.636082 0.804233 0.634021 0.802249 0.637113 0.792989 0.628866 0.787037 0.648454 0.778439 0.649485 0.770503 0.641237 0.762566 0.646392 0.761243 0.653608 0.765873 0.672165 0.775132 0.681443 0.792989 0.68866 0.798942 0.683505 0.808201 0.662887 0.811508 0.641237 0.808201 0.636082
1 0.818122 0.679381 0.824074 0.689691 0.832672 0.689691 0.838624 0.675258 0.833333 0.65567 0.832672 0.635052 0.81746 0.643299 0.818122 0.679381
1 0.708995 0.650515 0.708333 0.662887 0.712302 0.675258 0.730159 0.681443 0.737434 0.674227 0.736111 0.665979 0.718915 0.64433 0.712302 0.641237 0.708995 0.650515
1 0.738757 0.678351 0.741402 0.683505 0.747354 0.687629 0.751984 0.685567 0.751984 0.676289 0.748016 0.669072 0.739418 0.671134 0.738757 0.678351
1 0.748016 0.686598 0.757937 0.686598 0.765873 0.678351 0.755952 0.654639 0.740741 0.672165 0.740079 0.681443 0.748016 0.686598
1 0.696429 0.681443 0.70172 0.686598 0.705688 0.685567 0.708995 0.678351 0.707672 0.66701 0.702381 0.659794 0.697751 0.665979 0.696429 0.681443
1 0.646825 0.658763 0.619709 0.650515 0.614418 0.652577 0.609127 0.664948 0.609127 0.681443 0.615079 0.689691 0.64881 0.681443 0.660714 0.687629 0.666667 0.678351 0.66336 0.665979 0.656085 0.657732 0.646825 0.658763
1 0.519841 0.493814 0.515873 0.497938 0.518519 0.513402 0.523148 0.518557 0.532407 0.656701 0.530423 0.673196 0.553571 0.68866 0.56746 0.681443 0.58664 0.682474 0.607804 0.670103 0.616182 0.638488 0.624339 0.623711 0.621693 0.602062 0.632937 0.587629 0.627646 0.572165 0.628968 0.560825 0.634259 0.549485 0.634259 0.534021 0.642196 0.495876 0.666005 0.478351 0.680556 0.462887 0.693122 0.439175 0.691138 0.43299 0.677249 0.428866 0.673942 0.423711 0.669974 0.423711 0.655423 0.439175 0.649471 0.434021 0.661376 0.392784 0.660053 0.373196 0.670635 0.349485 0.661376 0.329897 0.652116 0.323711 0.654101 0.285567 0.651455 0.280412 0.644841 0.280412 0.625661 0.295876 0.623016 0.3 0.624339 0.309278 0.597222 0.349485 0.583995 0.340206 0.578042 0.34433 0.566138 0.376289 0.576058 0.401031 0.566138 0.410309 0.568122 0.420619 0.544974 0.484536 0.539021 0.483505 0.534392 0.491753 0.519841 0.493814
1 0.0 0.542874 0.005952 0.541237 0.029101 0.509278 0.025132 0.482474 0.030423 0.462887 0.027778 0.453608 0.019841 0.445361 0.013889 0.426804 0.00463 0.419588 0.000661 0.42268 0.0 0.42394 0.0 0.542874
1 0.0 0.684854 0.003307 0.687629 0.021825 0.687629 0.028439 0.676289 0.033069 0.646392 0.025794 0.637113 0.020503 0.619588 0.013889 0.614433 0.003307 0.617526 0.0 0.62268 0.0 0.684854
1 0.033069 0.646392 0.028439 0.680412 0.043651 0.686598 0.052249 0.682474 0.054894 0.674227 0.053571 0.661856 0.043651 0.635052 0.037698 0.634021 0.033069 0.646392
1 0.061508 0.596907 0.055556 0.593814 0.052249 0.597938 0.051587 0.665979 0.055556 0.678351 0.060847 0.679381 0.074074 0.662887 0.079365 0.646392 0.077381 0.635052 0.066138 0.623711 0.061508 0.596907
1 0.117063 0.658763 0.113757 0.650515 0.095899 0.636082 0.083995 0.631959 0.070106 0.636082 0.071592 0.656133 0.069487 0.669254 0.065476 0.680412 0.069444 0.685567 0.083333 0.682474 0.109788 0.687629 0.117725 0.678351 0.117063 0.658763
1 0.121693 0.653608 0.121032 0.669072 0.126323 0.676289 0.134921 0.676289 0.138889 0.664948 0.138889 0.65567 0.134921 0.645361 0.128968 0.642268 0.121693 0.653608
1 0.357143 0.630928 0.355159 0.638144 0.353836 0.67732 0.37037 0.689691 0.369709 0.685567 0.376984 0.679381 0.378307 0.674227 0.367725 0.652577 0.367725 0.643299 0.357143 0.630928