1 0.348649 0.456751 0.339189 0.462025 0.337162 0.469409 0.343919 0.481013 0.359459 0.494726 0.359459 0.544304 0.353378 0.549578 0.342568 0.57384 0.342568 0.584388 0.347297 0.585443 0.368919 0.567511 0.387162 0.558017 0.396622 0.535865 0.412162 0.526371 0.412838 0.518987 0.408108 0.509494 0.429054 0.407173 0.437162 0.396624 0.451351 0.35443 0.44527 0.330169 0.433784 0.332278 0.426351 0.324895 0.418243 0.343882 0.405405 0.360759 0.403378 0.371308 0.396622 0.368143 0.392568 0.357595 0.397297 0.329114 0.389189 0.308017 0.383108 0.304852 0.356081 0.313291 0.347297 0.329114 0.342568 0.355485 0.342568 0.361814 0.354054 0.380802 0.343919 0.400844 0.339865 0.400844 0.336486 0.413502 0.339189 0.431435 0.346622 0.444093 0.348649 0.456751
1 0.25473 0.60443 0.253378 0.614979 0.247297 0.619198 0.239189 0.618143 0.235135 0.625527 0.241892 0.655063 0.241892 0.665612 0.238514 0.672996 0.241216 0.67616 0.241892 0.685654 0.245946 0.686709 0.25 0.696203 0.270946 0.691983 0.304054 0.699367 0.311486 0.699367 0.325 0.689873 0.324324 0.672996 0.318919 0.654008 0.310811 0.64346 0.302703 0.640295 0.281757 0.611814 0.279054 0.601266 0.280405 0.589662 0.274324 0.584388 0.270946 0.574895 0.271622 0.563291 0.283108 0.537975 0.284459 0.527426 0.285811 0.493671 0.281757 0.476793 0.265541 0.473629 0.263514 0.488397 0.256081 0.495781 0.25 0.488397 0.247973 0.46097 0.241892 0.457806 0.231757 0.46308 0.223649 0.487342 0.222297 0.494726 0.225 0.505274 0.232432 0.515823 0.237838 0.531646 0.233108 0.53903 0.233784 0.549578 0.245946 0.564346 0.25473 0.60443
1 0.318243 0.656118 0.321622 0.684599 0.336486 0.699367 0.367568 0.695148 0.372973 0.685654 0.368919 0.666667 0.372297 0.605485 0.330405 0.533755 0.325676 0.517932 0.312162 0.509494 0.306081 0.513713 0.304054 0.524262 0.308108 0.541139 0.307432 0.560127 0.310811 0.56962 0.323649 0.581224 0.325676 0.599156 0.325676 0.633615 0.318243 0.656118
1 0.372973 0.637131 0.37027 0.64346 0.37027 0.672996 0.377703 0.688819 0.388514 0.688819 0.403378 0.661392 0.401351 0.652954 0.387838 0.656118 0.377703 0.648734 0.372973 0.637131
1 0.486486 0.568565 0.491216 0.57173 0.494595 0.566456 0.493919 0.549578 0.507432 0.550633 0.502703 0.523207 0.504054 0.514768 0.531757 0.488397 0.531081 0.472574 0.535135 0.455696 0.524324 0.438819 0.513514 0.434599 0.510135 0.437764 0.506757 0.451477 0.5 0.444093 0.49527 0.421941 0.481081 0.42827 0.478378 0.435654 0.479054 0.470992 0.470946 0.521097 0.470946 0.53692 0.472973 0.541139 0.480405 0.53903 0.486486 0.548523 0.488514 0.555907 0.486486 0.568565
1 0.468919 0.514768 0.459459 0.505274 0.455405 0.505274 0.454054 0.510549 0.454054 0.53692 0.456757 0.548523 0.455405 0.589662 0.467568 0.601266 0.47973 0.602321 0.47973 0.568565 0.467568 0.531646 0.468919 0.514768
1 0.546622 0.685654 0.542568 0.665612 0.537162 0.658228 0.536486 0.647679 0.52973 0.639241 0.516216 0.632911 0.512838 0.620253 0.502027 0.616034 0.492568 0.605485 0.469595 0.602321 0.466216 0.60654 0.466892 0.631857 0.475 0.640295 0.472297 0.657173 0.472973 0.67616 0.479054 0.687764 0.502703 0.698312 0.541216 0.694093 0.546622 0.685654
1 0.478378 0.681435 0.476351 0.669831 0.479054 0.663502 0.484459 0.665612 0.483784 0.657173 0.477703 0.658228 0.458784 0.637131 0.448649 0.633966 0.441216 0.637131 0.42973 0.629747 0.423649 0.64346 0.413514 0.642405 0.401351 0.652954 0.403378 0.655063 0.399324 0.671941 0.401351 0.677215 0.422973 0.693038 0.459459 0.694093 0.473649 0.700422 0.485135 0.690928 0.478378 0.681435
1 0.206757 0.601266 0.209459 0.593882 0.20473 0.579114 0.206757 0.540084 0.172973 0.53692 0.175 0.552743 0.183784 0.564346 0.187162 0.575949 0.182432 0.581224 0.184459 0.588608 0.193919 0.601266 0.201351 0.60443 0.206757 0.601266
1 0.180405 0.651899 0.187838 0.657173 0.199324 0.652954 0.202027 0.64135 0.2 0.598101 0.194595 0.597046 0.181081 0.618143 0.180405 0.651899
1 0.175 0.642405 0.172297 0.624473 0.172297 0.584388 0.166892 0.572785 0.159459 0.57173 0.152703 0.563291 0.145946 0.56962 0.144595 0.574895 0.150676 0.605485 0.160811 0.628692 0.162162 0.655063 0.164189 0.660338 0.170946 0.660338 0.174324 0.657173 0.175 0.642405
1 0.125676 0.611814 0.118919 0.621308 0.118919 0.628692 0.126351 0.648734 0.135811 0.64557 0.141216 0.629747 0.145946 0.627637 0.135811 0.590717 0.131757 0.593882 0.125676 0.611814
1 0.135811 0.644515 0.133784 0.67827 0.136486 0.683544 0.149324 0.685654 0.163514 0.677215 0.161486 0.650844 0.148649 0.629747 0.141892 0.627637 0.135811 0.644515
1 0.171622 0.618143 0.171622 0.582278 0.165541 0.572785 0.152703 0.564346 0.146622 0.56962 0.14527 0.578059 0.150676 0.605485 0.161486 0.635021 0.161486 0.665612 0.166892 0.675105 0.174324 0.672996 0.177703 0.637131 0.171622 0.618143
1 0.170946 0.665612 0.176351 0.668776 0.175676 0.677215 0.180405 0.687764 0.191892 0.686709 0.192568 0.665612 0.176351 0.659283 0.170946 0.665612
1 0.203378 0.679325 0.199324 0.674051 0.194595 0.67616 0.19527 0.689873 0.202027 0.693038 0.203378 0.679325
1 0.209459 0.68038 0.211486 0.669831 0.202703 0.666667 0.201351 0.675105 0.206757 0.682489 0.209459 0.68038
1 0.214189 0.677215 0.216892 0.682489 0.221622 0.684599 0.224324 0.681435 0.224324 0.672996 0.220946 0.667722 0.214865 0.669831 0.214189 0.677215
1 0.223649 0.650844 0.222973 0.665612 0.225676 0.670886 0.233108 0.670886 0.239189 0.665612 0.239865 0.657173 0.237162 0.651899 0.231081 0.648734 0.223649 0.650844
1 0.213514 0.667722 0.22027 0.665612 0.22027 0.649789 0.212838 0.647679 0.210135 0.652954 0.209459 0.658228 0.213514 0.667722
1 0.187838 0.657173 0.196622 0.658228 0.206081 0.652954 0.216892 0.642405 0.221622 0.628692 0.216892 0.599156 0.220946 0.589662 0.221622 0.577004 0.210811 0.577004 0.20473 0.57173 0.206081 0.540084 0.181081 0.542194 0.172973 0.53692 0.173649 0.548523 0.178378 0.556962 0.180405 0.629747 0.181757 0.632911 0.193243 0.629747 0.194595 0.649789 0.188514 0.651899 0.187838 0.657173
1 0.100676 0.621308 0.104054 0.602321 0.102027 0.590717 0.098649 0.586498 0.089865 0.588608 0.089189 0.621308 0.093243 0.675105 0.105405 0.690928 0.114865 0.689873 0.120946 0.67827 0.120946 0.657173 0.114189 0.637131 0.100676 0.621308
1 0.059459 0.64135 0.060588 0.655853 0.048649 0.661392 0.049324 0.677215 0.05473 0.684599 0.075734 0.67009 0.085471 0.678775 0.091807 0.669848 0.090541 0.64557 0.077027 0.624473 0.059459 0.64135
1 0.0 0.508439 0.022973 0.593882 0.030405 0.603376 0.035811 0.60443 0.039189 0.601266 0.042568 0.561533 0.05473 0.496835 0.058784 0.489451 0.056757 0.445148 0.051351 0.444093 0.041892 0.457806 0.030405 0.443038 0.025676 0.444093 0.016216 0.435654 0.010811 0.435654 0.0 0.466745 0.0 0.482806 0.00473 0.489451 0.0 0.501055 0.0 0.508439
1 0.076351 0.556962 0.087838 0.526371 0.087838 0.509494 0.083784 0.506329 0.078378 0.509494 0.053378 0.53903 0.051351 0.563291 0.056081 0.578059 0.044595 0.592827 0.050676 0.619198 0.087162 0.582278 0.085811 0.577004 0.077703 0.574895 0.076351 0.556962
1 0.801351 0.547468 0.80473 0.554852 0.807432 0.564346 0.804054 0.583333 0.807432 0.601266 0.813514 0.600211 0.822973 0.609705 0.827027 0.607595 0.837162 0.592827 0.830405 0.581224 0.834459 0.556962 0.825 0.5327 0.830405 0.529536 0.835811 0.515823 0.843919 0.506329 0.855405 0.501055 0.862838 0.484177 0.873649 0.473629 0.879054 0.456751 0.871622 0.446203 0.875 0.422996 0.866216 0.405063 0.866892 0.400844 0.862162 0.400844 0.859459 0.415612 0.851351 0.422996 0.834459 0.414557 0.833784 0.407173 0.825676 0.396624 0.82027 0.378692 0.827027 0.330169 0.822297 0.328059 0.814189 0.338608 0.803378 0.330169 0.797973 0.314346 0.791892 0.316456 0.780405 0.336498 0.780405 0.342827 0.789189 0.355485 0.786486 0.389241 0.776351 0.39135 0.761486 0.369198 0.758108 0.368143 0.756081 0.374473 0.75473 0.381857 0.757432 0.400844 0.763514 0.416667 0.761486 0.432489 0.777027 0.448312 0.772297 0.466245 0.785135 0.531646 0.801351 0.547468
1 0.718243 0.621308 0.732432 0.635021 0.75 0.630802 0.758108 0.622363 0.762162 0.60865 0.760811 0.594937 0.764865 0.554852 0.758108 0.548523 0.745946 0.553797 0.743243 0.547468 0.729054 0.53692 0.725676 0.537975 0.732432 0.558017 0.730405 0.56962 0.744595 0.597046 0.74527 0.60443 0.736486 0.613924 0.733108 0.607595 0.718243 0.612869 0.718243 0.621308
1 0.651351 0.617089 0.65 0.630802 0.653378 0.637131 0.660811 0.637131 0.657432 0.630802 0.660811 0.628692 0.652703 0.619198 0.652027 0.612869 0.653378 0.60865 0.660135 0.60865 0.663514 0.597046 0.667568 0.593882 0.662838 0.550633 0.664865 0.544304 0.672973 0.53692 0.672297 0.511603 0.668243 0.5 0.672297 0.472574 0.660811 0.46519 0.658108 0.439873 0.645946 0.437764 0.643919 0.440928 0.641216 0.46097 0.643243 0.484177 0.635811 0.491561 0.633784 0.5 0.634459 0.509494 0.638176 0.51635 0.637838 0.5327 0.631757 0.535865 0.630405 0.541139 0.644595 0.57384 0.64527 0.599156 0.651351 0.617089
1 0.587838 0.526371 0.585135 0.524262 0.582432 0.531646 0.563514 0.544304 0.557432 0.560127 0.559459 0.57173 0.552027 0.594937 0.556757 0.624473 0.571622 0.616034 0.579054 0.601266 0.582432 0.563291 0.588514 0.53692 0.587838 0.526371
1 0.581757 0.700422 0.589865 0.685654 0.588514 0.661392 0.585135 0.649789 0.576351 0.640295 0.568919 0.620253 0.54527 0.637131 0.544595 0.642405 0.544595 0.664557 0.549324 0.675105 0.553378 0.672996 0.55473 0.665612 0.565541 0.667722 0.571622 0.688819 0.579054 0.700422 0.581757 0.700422
1 0.615541 0.588608 0.608784 0.586498 0.610811 0.602321 0.625 0.630802 0.62973 0.622363 0.631757 0.588608 0.628378 0.586498 0.625 0.593882 0.618243 0.593882 0.615541 0.588608
1 0.664189 0.681435 0.653378 0.668776 0.650676 0.670886 0.643919 0.658228 0.642568 0.637131 0.624324 0.64346 0.615541 0.665612 0.602027 0.664557 0.598649 0.669831 0.598649 0.677215 0.608784 0.687764 0.637838 0.681435 0.649324 0.696203 0.652027 0.691983 0.664189 0.689873 0.664189 0.681435
1 0.734459 0.642405 0.725676 0.637131 0.698649 0.64135 0.697973 0.651899 0.703378 0.662447 0.703378 0.696203 0.718243 0.696203 0.733108 0.688819 0.733784 0.663502 0.736486 0.652954 0.734459 0.642405
1 0.04527 0.622363 0.031757 0.611814 0.024324 0.598101 0.014865 0.605485 0.008108 0.587553 0.005405 0.584388 0.001351 0.587553 0.002703 0.626582 0.016892 0.670886 0.041892 0.685654 0.04527 0.677215 0.043919 0.655063 0.052027 0.636076 0.052027 0.621308 0.04527 0.622363
1 0.900676 0.60443 0.903378 0.618143 0.911486 0.617089 0.916892 0.60865 0.924324 0.57173 0.933784 0.551688 0.934459 0.489451 0.932432 0.484177 0.934459 0.46519 0.930405 0.462025 0.927703 0.468354 0.920946 0.455696 0.912838 0.456751 0.910811 0.46097 0.912162 0.469409 0.902703 0.533755 0.894595 0.543249 0.894595 0.548523 0.905405 0.561181 0.901351 0.572785 0.90473 0.586498 0.900676 0.60443
1 0.962162 0.546414 0.957432 0.531646 0.94527 0.537975 0.948649 0.605485 0.956081 0.616034 0.968243 0.598101 0.964865 0.581224 0.977703 0.545359 0.972973 0.53903 0.967568 0.546414 0.962162 0.546414
1 0.955405 0.622363 0.95473 0.632911 0.967568 0.64557 0.970946 0.64557 0.976351 0.637131 0.975676 0.625527 0.966892 0.602321 0.959459 0.60865 0.955405 0.622363
1 1.0 0.588445 0.999324 0.588608 0.987162 0.601266 0.986486 0.60865 0.996622 0.620253 0.99527 0.658228 1.0 0.661336 1.0 0.588445
1 0.879054 0.602321 0.878378 0.591772 0.872297 0.585443 0.864189 0.591772 0.864189 0.605485 0.860811 0.612869 0.848649 0.619198 0.833784 0.620253 0.816892 0.614979 0.812162 0.601266 0.800676 0.607595 0.793919 0.589662 0.788514 0.589662 0.789865 0.612869 0.79527 0.623418 0.833784 0.668776 0.839865 0.655063 0.848649 0.64557 0.856081 0.649789 0.862838 0.647679 0.879054 0.602321
1 1.0 0.589241 0.987162 0.601266 0.988514 0.609705 0.977703 0.626582 0.973649 0.621308 0.967568 0.592827 0.962162 0.590717 0.962162 0.584388 0.966892 0.577004 0.976351 0.544304 0.974324 0.540084 0.967568 0.545359 0.961486 0.544304 0.960135 0.535865 0.95473 0.5327 0.945946 0.53692 0.944595 0.545359 0.948649 0.578059 0.951351 0.582278 0.949324 0.593882 0.958108 0.607595 0.953378 0.623418 0.937162 0.625527 0.922973 0.635021 0.912838 0.622363 0.905405 0.622363 0.902027 0.629747 0.887162 0.636076 0.876351 0.660338 0.872297 0.661392 0.869595 0.651899 0.860135 0.659283 0.850676 0.657173 0.843243 0.667722 0.838514 0.668776 0.839189 0.687764 0.849324 0.687764 0.855405 0.695148 0.868243 0.690928 0.905405 0.702532 0.931757 0.698312 0.946622 0.703586 0.955405 0.698312 0.970946 0.700422 0.984459 0.697257 1.0 0.700724 1.0 0.589241
1 0.808784 0.650844 0.80473 0.644515 0.782432 0.642405 0.775 0.649789 0.743243 0.640295 0.737162 0.648734 0.734459 0.664557 0.735135 0.688819 0.739865 0.691983 0.805405 0.696203 0.824324 0.689873 0.834459 0.67827 0.825 0.654008 0.808784 0.650844
1 0.691216 0.607595 0.684459 0.60443 0.682432 0.60865 0.666892 0.611814 0.660811 0.605485 0.652027 0.60443 0.65 0.607595 0.649324 0.632911 0.661486 0.650844 0.657432 0.665612 0.677703 0.690928 0.686486 0.689873 0.693243 0.682489 0.69527 0.663502 0.691216 0.607595
1 0.0 0.68606 0.005405 0.686709 0.017568 0.674051 0.001351 0.632911 0.0 0.632911 0.0 0.68606