1 0.645161 0.301887 0.636425 0.286164 0.609543 0.277778 0.603495 0.280922 0.59543 0.301887 0.600134 0.330189 0.596102 0.340671 0.589382 0.343816 0.587366 0.333333 0.574597 0.316562 0.566532 0.297694 0.55914 0.305031 0.547715 0.302935 0.541667 0.327044 0.55578 0.368973 0.563844 0.379455 0.584677 0.481132 0.579973 0.490566 0.580645 0.497904 0.596102 0.507338 0.605511 0.52935 0.623656 0.538784 0.645161 0.556604 0.649866 0.555556 0.649866 0.545073 0.639113 0.520964 0.633065 0.515723 0.633065 0.466457 0.648522 0.45283 0.655242 0.4413 0.653226 0.433962 0.643817 0.428721 0.645833 0.416143 0.653226 0.403564 0.655914 0.385744 0.652554 0.373166 0.648522 0.373166 0.638441 0.353249 0.649866 0.334382 0.649866 0.328092 0.645161 0.301887
1 0.760081 0.43501 0.75 0.429769 0.743952 0.432914 0.741935 0.460168 0.735887 0.467505 0.728495 0.460168 0.726478 0.445493 0.710349 0.448637 0.706317 0.465409 0.707661 0.498952 0.709005 0.509434 0.72043 0.534591 0.721102 0.546122 0.717742 0.555556 0.711694 0.560797 0.713038 0.572327 0.710349 0.582809 0.689516 0.611111 0.681452 0.614256 0.673387 0.624738 0.668011 0.643606 0.667339 0.660377 0.68078 0.669811 0.688172 0.669811 0.721102 0.662474 0.741935 0.666667 0.745968 0.657233 0.75 0.656184 0.750672 0.646751 0.75336 0.643606 0.75 0.636268 0.75 0.625786 0.75672 0.596436 0.752688 0.589099 0.744624 0.590147 0.738575 0.585954 0.737231 0.575472 0.745968 0.535639 0.758065 0.520964 0.758737 0.510482 0.754032 0.503145 0.759409 0.487421 0.766801 0.476939 0.769489 0.466457 0.768145 0.459119 0.760081 0.43501
1 0.680108 0.481132 0.666667 0.489518 0.661962 0.505241 0.620296 0.57652 0.623656 0.637317 0.619624 0.656184 0.625 0.665618 0.655914 0.669811 0.670699 0.655136 0.674059 0.626834 0.666667 0.604473 0.666667 0.570231 0.668683 0.552411 0.681452 0.540881 0.684812 0.531447 0.68414 0.512579 0.688172 0.495807 0.686156 0.485325 0.680108 0.481132
1 0.619624 0.607966 0.614919 0.619497 0.604839 0.626834 0.591398 0.62369 0.589382 0.632075 0.604167 0.659329 0.614919 0.659329 0.622312 0.643606 0.622312 0.614256 0.619624 0.607966
1 0.512097 0.400419 0.497984 0.39413 0.49328 0.416143 0.486559 0.42348 0.483199 0.409853 0.479839 0.406709 0.469086 0.410901 0.458333 0.427673 0.462366 0.444444 0.461694 0.460168 0.489247 0.486373 0.490591 0.494759 0.485887 0.522013 0.499328 0.520964 0.498656 0.537736 0.502016 0.542977 0.50672 0.539832 0.504704 0.527254 0.50672 0.519916 0.512769 0.510482 0.520161 0.512579 0.522177 0.508386 0.522177 0.492662 0.514113 0.442872 0.514785 0.407757 0.512097 0.400419
1 0.537634 0.476939 0.533602 0.476939 0.524194 0.486373 0.525538 0.503145 0.513441 0.539832 0.513441 0.573375 0.525538 0.572327 0.537634 0.560797 0.53629 0.519916 0.538978 0.508386 0.538978 0.48218 0.537634 0.476939
1 0.523522 0.573375 0.500672 0.57652 0.491263 0.587002 0.480511 0.591195 0.477151 0.603774 0.46371 0.610063 0.456989 0.618449 0.456317 0.628931 0.450941 0.636268 0.446909 0.656184 0.452285 0.66457 0.490591 0.668763 0.514113 0.658281 0.520161 0.646751 0.520833 0.627883 0.518145 0.611111 0.52621 0.602725 0.526882 0.577568 0.523522 0.573375
1 0.579301 0.613208 0.56922 0.614256 0.563172 0.600629 0.551747 0.607966 0.544355 0.604822 0.534274 0.607966 0.515457 0.628931 0.509409 0.627883 0.508737 0.636268 0.514113 0.634172 0.516801 0.640461 0.514785 0.651992 0.508065 0.661426 0.519489 0.67086 0.533602 0.66457 0.569892 0.663522 0.591398 0.647799 0.593414 0.642558 0.589382 0.625786 0.591398 0.62369 0.579301 0.613208
1 0.784946 0.51153 0.786962 0.550314 0.782258 0.56499 0.784946 0.572327 0.790323 0.575472 0.797715 0.572327 0.807124 0.559748 0.80914 0.552411 0.804435 0.54717 0.807796 0.535639 0.816532 0.524109 0.818548 0.508386 0.784946 0.51153
1 0.797043 0.568134 0.791667 0.569182 0.789651 0.612159 0.792339 0.62369 0.803763 0.627883 0.811156 0.622642 0.810484 0.589099 0.797043 0.568134
1 0.83871 0.534591 0.831989 0.542977 0.824597 0.544025 0.81922 0.555556 0.81922 0.595388 0.816532 0.613208 0.817204 0.627883 0.820565 0.631027 0.827285 0.631027 0.829301 0.625786 0.830645 0.599581 0.840726 0.57652 0.846774 0.546122 0.84543 0.540881 0.83871 0.534591
1 0.865591 0.582809 0.859543 0.56499 0.855511 0.561845 0.84543 0.598532 0.850134 0.600629 0.855511 0.616352 0.864919 0.619497 0.872312 0.599581 0.872312 0.592243 0.865591 0.582809
1 0.849462 0.598532 0.842742 0.600629 0.829973 0.621593 0.827957 0.647799 0.84207 0.656184 0.854839 0.654088 0.857527 0.648847 0.855511 0.615304 0.849462 0.598532
1 0.83871 0.535639 0.825941 0.544025 0.819892 0.553459 0.819892 0.589099 0.813844 0.607966 0.817204 0.643606 0.824597 0.645702 0.829973 0.636268 0.829973 0.60587 0.840726 0.57652 0.846102 0.549266 0.844758 0.540881 0.83871 0.535639
1 0.799059 0.636268 0.799731 0.657233 0.811156 0.658281 0.81586 0.647799 0.815188 0.639413 0.820565 0.636268 0.815188 0.629979 0.799059 0.636268
1 0.792339 0.644654 0.788306 0.649895 0.789651 0.663522 0.796371 0.660377 0.797043 0.646751 0.792339 0.644654
1 0.780242 0.640461 0.782258 0.650943 0.784946 0.65304 0.790323 0.645702 0.788978 0.637317 0.780242 0.640461
1 0.770833 0.638365 0.767473 0.643606 0.767473 0.651992 0.770161 0.655136 0.774866 0.65304 0.777554 0.647799 0.776882 0.640461 0.770833 0.638365
1 0.760753 0.619497 0.754704 0.622642 0.752016 0.627883 0.752688 0.636268 0.758737 0.641509 0.766129 0.641509 0.768817 0.636268 0.768145 0.621593 0.760753 0.619497
1 0.778898 0.618449 0.771505 0.620545 0.771505 0.636268 0.778226 0.638365 0.782258 0.628931 0.781586 0.62369 0.778898 0.618449
1 0.810484 0.513627 0.785618 0.51153 0.786962 0.542977 0.780914 0.548218 0.770161 0.548218 0.770833 0.560797 0.774866 0.570231 0.770161 0.599581 0.774866 0.613208 0.785618 0.62369 0.795027 0.628931 0.803763 0.627883 0.803091 0.622642 0.797043 0.620545 0.798387 0.600629 0.809812 0.603774 0.811156 0.600629 0.813172 0.528302 0.817876 0.519916 0.818548 0.508386 0.810484 0.513627
1 0.892473 0.557652 0.889113 0.561845 0.887097 0.573375 0.890457 0.592243 0.877016 0.607966 0.870296 0.627883 0.870296 0.648847 0.876344 0.660377 0.885753 0.661426 0.897849 0.645702 0.901882 0.592243 0.90121 0.559748 0.892473 0.557652
1 0.930329 0.626571 0.931452 0.612159 0.913978 0.595388 0.900538 0.616352 0.899278 0.640478 0.90558 0.649349 0.915265 0.640718 0.936156 0.655136 0.941532 0.647799 0.942204 0.632075 0.930329 0.626571
1 0.979839 0.407757 0.974462 0.407757 0.965054 0.416143 0.960349 0.415094 0.948925 0.429769 0.939516 0.416143 0.93414 0.417191 0.932124 0.461216 0.936156 0.468553 0.948253 0.532844 0.951613 0.572327 0.954973 0.575472 0.960349 0.574423 0.967742 0.56499 0.990591 0.480084 0.990591 0.472746 0.985887 0.461216 0.992608 0.451782 0.992608 0.444444 0.979839 0.407757
1 0.912634 0.481132 0.907258 0.477987 0.903226 0.481132 0.903226 0.497904 0.914651 0.528302 0.913306 0.546122 0.905242 0.548218 0.903898 0.553459 0.940188 0.590147 0.946237 0.563941 0.934812 0.549266 0.939516 0.534591 0.9375 0.510482 0.912634 0.481132
1 0.236559 0.340671 0.233199 0.341719 0.218414 0.363732 0.208333 0.361635 0.205645 0.328092 0.214382 0.315514 0.214382 0.309224 0.202957 0.289308 0.196909 0.287212 0.191532 0.302935 0.18078 0.311321 0.172715 0.300839 0.168011 0.302935 0.174731 0.351153 0.169355 0.368973 0.16129 0.379455 0.160618 0.386792 0.143817 0.395178 0.135753 0.387841 0.133065 0.373166 0.12836 0.373166 0.129032 0.377358 0.120296 0.395178 0.123656 0.418239 0.116263 0.428721 0.12164 0.445493 0.132392 0.455975 0.139785 0.472746 0.15121 0.477987 0.159274 0.487421 0.164651 0.501048 0.170027 0.504193 0.160618 0.528302 0.164651 0.552411 0.15793 0.563941 0.168011 0.578616 0.172043 0.580713 0.181452 0.571279 0.1875 0.572327 0.19086 0.554507 0.1875 0.535639 0.190188 0.526205 0.193548 0.518868 0.209677 0.503145 0.222446 0.438155 0.217742 0.420335 0.233199 0.404612 0.231183 0.388889 0.237231 0.373166 0.239919 0.354298 0.238575 0.34696 0.236559 0.340671
1 0.265457 0.508386 0.251344 0.518868 0.248656 0.525157 0.236559 0.519916 0.229839 0.526205 0.233871 0.566038 0.232527 0.579665 0.236559 0.593291 0.244624 0.601677 0.262097 0.60587 0.27621 0.592243 0.27621 0.583857 0.261425 0.578616 0.258065 0.584906 0.249328 0.575472 0.25 0.568134 0.264113 0.540881 0.262097 0.52935 0.268817 0.509434 0.265457 0.508386
1 0.358199 0.463312 0.350806 0.455975 0.352823 0.432914 0.350134 0.412998 0.348118 0.409853 0.336022 0.41195 0.333333 0.437107 0.321909 0.444444 0.325941 0.471698 0.321909 0.483229 0.321237 0.508386 0.329301 0.515723 0.331317 0.522013 0.326613 0.56499 0.330645 0.568134 0.334005 0.579665 0.340726 0.579665 0.34207 0.583857 0.341398 0.590147 0.333333 0.599581 0.336694 0.601677 0.333333 0.607966 0.340726 0.607966 0.344086 0.601677 0.342742 0.58805 0.34879 0.570231 0.349462 0.545073 0.363575 0.512579 0.362231 0.507338 0.356183 0.504193 0.355847 0.487945 0.359543 0.481132 0.360215 0.471698 0.358199 0.463312
1 0.430108 0.515723 0.41129 0.503145 0.408602 0.495807 0.405914 0.497904 0.405242 0.508386 0.41129 0.534591 0.414651 0.572327 0.422043 0.587002 0.436828 0.595388 0.441532 0.566038 0.43414 0.542977 0.436156 0.531447 0.430108 0.515723
1 0.448253 0.607966 0.424731 0.591195 0.417339 0.611111 0.408602 0.620545 0.405242 0.632075 0.403898 0.656184 0.411962 0.67086 0.414651 0.67086 0.422043 0.659329 0.428091 0.638365 0.438844 0.636268 0.440188 0.643606 0.44422 0.645702 0.448925 0.63522 0.448925 0.613208 0.448253 0.607966
1 0.37836 0.559748 0.375672 0.56499 0.368952 0.56499 0.365591 0.557652 0.362231 0.559748 0.364247 0.593291 0.368952 0.601677 0.383065 0.573375 0.385081 0.557652 0.37836 0.559748
1 0.37836 0.636268 0.369624 0.614256 0.351478 0.607966 0.350134 0.628931 0.343414 0.641509 0.340726 0.639413 0.329973 0.651992 0.329973 0.660377 0.34207 0.662474 0.344758 0.666667 0.356183 0.651992 0.385081 0.658281 0.395161 0.647799 0.395161 0.640461 0.391801 0.63522 0.37836 0.636268
1 0.268817 0.607966 0.260081 0.613208 0.258065 0.62369 0.260753 0.634172 0.261425 0.659329 0.27621 0.666667 0.290995 0.666667 0.290995 0.633124 0.296371 0.622642 0.295699 0.612159 0.268817 0.607966
1 0.985215 0.555556 0.982527 0.5587 0.975806 0.57652 0.966398 0.569182 0.959005 0.582809 0.945565 0.593291 0.938844 0.592243 0.938844 0.606918 0.946909 0.625786 0.945565 0.647799 0.948925 0.656184 0.97379 0.641509 0.987903 0.597484 0.989247 0.5587 0.985215 0.555556
1 0.082661 0.428721 0.074597 0.427673 0.067876 0.440252 0.065188 0.433962 0.061156 0.437107 0.063172 0.455975 0.061156 0.461216 0.061828 0.523061 0.071237 0.542977 0.078629 0.579665 0.084005 0.58805 0.09207 0.589099 0.094758 0.575472 0.090726 0.557652 0.094086 0.544025 0.090054 0.532495 0.100806 0.519916 0.100806 0.514675 0.092742 0.505241 0.083333 0.4413 0.084677 0.432914 0.082661 0.428721
1 0.038306 0.503145 0.033602 0.51782 0.028226 0.51782 0.022849 0.510482 0.018145 0.516771 0.030914 0.552411 0.027554 0.569182 0.039651 0.587002 0.047043 0.57652 0.050403 0.509434 0.038306 0.503145
1 0.03629 0.579665 0.028898 0.573375 0.020161 0.596436 0.019489 0.607966 0.024866 0.616352 0.028226 0.616352 0.040995 0.603774 0.040323 0.593291 0.03629 0.579665
1 0.0 0.590427 0.009409 0.579665 0.008737 0.572327 0.0 0.563242 0.0 0.590427
1 0.200941 0.560797 0.19422 0.578616 0.182796 0.572327 0.178091 0.585954 0.16129 0.591195 0.146505 0.590147 0.134409 0.583857 0.131048 0.57652 0.131048 0.562893 0.122984 0.556604 0.116935 0.562893 0.116263 0.573375 0.132392 0.618449 0.139113 0.620545 0.146505 0.616352 0.155242 0.625786 0.16129 0.639413 0.199597 0.59434 0.204973 0.583857 0.206317 0.560797 0.200941 0.560797
1 0.0 0.670261 0.011425 0.667715 0.024866 0.67086 0.040323 0.668763 0.049059 0.674004 0.063844 0.668763 0.090054 0.672956 0.127016 0.661426 0.139785 0.665618 0.145833 0.658281 0.155914 0.658281 0.156586 0.639413 0.151882 0.638365 0.144489 0.627883 0.135081 0.629979 0.125672 0.622642 0.122984 0.632075 0.118952 0.631027 0.108199 0.606918 0.093414 0.600629 0.090054 0.593291 0.082661 0.593291 0.072581 0.60587 0.058468 0.596436 0.042339 0.59434 0.037634 0.578616 0.046371 0.56499 0.044355 0.553459 0.047043 0.549266 0.051075 0.516771 0.049731 0.508386 0.040995 0.504193 0.035618 0.507338 0.034274 0.515723 0.028226 0.516771 0.021505 0.51153 0.019489 0.515723 0.028898 0.548218 0.033602 0.555556 0.033602 0.561845 0.028226 0.563941 0.022177 0.592243 0.018145 0.597484 0.007392 0.580713 0.008737 0.572327 0.0 0.564151 0.0 0.670261
1 0.251344 0.611111 0.219758 0.620545 0.212366 0.613208 0.190188 0.615304 0.186156 0.621593 0.170027 0.624738 0.160618 0.648847 0.170699 0.660377 0.189516 0.666667 0.254704 0.662474 0.259409 0.659329 0.260081 0.63522 0.257392 0.619497 0.251344 0.611111
1 0.34207 0.575472 0.333333 0.57652 0.327285 0.582809 0.311828 0.579665 0.309812 0.575472 0.303091 0.578616 0.299059 0.634172 0.301075 0.65304 0.307796 0.660377 0.316532 0.661426 0.336694 0.636268 0.332661 0.621593 0.344758 0.603774 0.344086 0.578616 0.34207 0.575472
1 1.0 0.624174 0.992608 0.603774 0.989247 0.603774 0.973118 0.644654 0.985215 0.657233 0.993952 0.656184 1.0 0.648637 1.0 0.624174