1 0.0 0.853807 0.01237 0.855838 0.026042 0.864975 0.035156 0.854822 0.068359 0.856853 0.11849 0.849746 0.132812 0.853807 0.167969 0.852792 0.174479 0.848731 0.188151 0.853807 0.198568 0.848731 0.208333 0.852792 0.223307 0.850761 0.223958 0.84467 0.215495 0.84467 0.202474 0.834518 0.201823 0.819289 0.209635 0.784772 0.210938 0.761421 0.203776 0.761421 0.194661 0.777665 0.186198 0.767513 0.184896 0.761421 0.1875 0.738071 0.186198 0.700508 0.192057 0.688325 0.194661 0.669036 0.194661 0.660914 0.190104 0.647716 0.188802 0.59797 0.179036 0.586802 0.17513 0.587817 0.16862 0.635533 0.147135 0.632487 0.146484 0.598985 0.135417 0.574619 0.128255 0.57665 0.119792 0.567513 0.119792 0.554315 0.115885 0.543147 0.110026 0.543147 0.102865 0.550254 0.095703 0.542132 0.089193 0.545178 0.082031 0.575635 0.090495 0.591878 0.086589 0.608122 0.089844 0.62335 0.089193 0.64264 0.093099 0.66802 0.099609 0.68731 0.095052 0.692386 0.084635 0.691371 0.080729 0.695431 0.080729 0.703553 0.08724 0.718782 0.085286 0.73401 0.070312 0.732995 0.063802 0.739086 0.040365 0.745178 0.042969 0.75533 0.010417 0.808122 0.0 0.814213 0.0 0.853807
1 0.0 0.834518 0.008464 0.830457 0.014974 0.82132 0.01888 0.803046 0.013021 0.798985 0.009115 0.779695 0.020833 0.751269 0.018229 0.744162 0.001953 0.738071 0.0 0.739086 0.0 0.834518
1 0.229167 0.783756 0.231771 0.803046 0.229818 0.820305 0.220052 0.825381 0.215495 0.837563 0.214844 0.847716 0.21224 0.849746 0.215495 0.853807 0.269531 0.853807 0.289714 0.858883 0.307943 0.853807 0.313802 0.846701 0.307943 0.84264 0.306641 0.837563 0.303385 0.839594 0.298828 0.825381 0.291016 0.820305 0.279948 0.82132 0.273438 0.831472 0.264974 0.834518 0.261719 0.824365 0.261719 0.810152 0.25651 0.795939 0.258464 0.784772 0.25651 0.771574 0.264323 0.754315 0.257161 0.740102 0.261719 0.725888 0.241536 0.703553 0.239583 0.692386 0.241536 0.680203 0.23763 0.670051 0.233724 0.669036 0.229167 0.674112 0.228516 0.68731 0.223958 0.700508 0.230469 0.719797 0.220052 0.742132 0.230469 0.75736 0.229167 0.783756
1 0.296875 0.680203 0.311849 0.707614 0.3125 0.73198 0.307292 0.748223 0.298828 0.756345 0.307292 0.789848 0.30599 0.8 0.30013 0.808122 0.307292 0.849746 0.360677 0.858883 0.378906 0.852792 0.402344 0.854822 0.423828 0.846701 0.421224 0.833503 0.417969 0.835533 0.405599 0.819289 0.398438 0.820305 0.38737 0.831472 0.376302 0.829442 0.367839 0.82132 0.365234 0.807107 0.378906 0.784772 0.378906 0.772589 0.38737 0.729949 0.370443 0.71066 0.364583 0.71066 0.361979 0.714721 0.339844 0.709645 0.338542 0.692386 0.345052 0.673096 0.345052 0.650761 0.333333 0.614213 0.327474 0.613198 0.320964 0.618274 0.320312 0.639594 0.311198 0.64467 0.30599 0.658883 0.296875 0.662944 0.294922 0.669036 0.296875 0.680203
1 0.409505 0.704569 0.406901 0.709645 0.39388 0.703553 0.392578 0.71066 0.41276 0.760406 0.419922 0.793909 0.419922 0.806091 0.425781 0.816244 0.420573 0.834518 0.423177 0.846701 0.430339 0.852792 0.462891 0.857868 0.48763 0.853807 0.48763 0.837563 0.484375 0.826396 0.478516 0.819289 0.472005 0.788832 0.463542 0.791878 0.461589 0.809137 0.44987 0.806091 0.452474 0.772589 0.460286 0.752284 0.458333 0.73401 0.466146 0.718782 0.457031 0.693401 0.45638 0.658883 0.446615 0.648731 0.427734 0.674112 0.421224 0.675127 0.412109 0.664975 0.403646 0.662944 0.39974 0.66599 0.397135 0.676142 0.397786 0.683249 0.409505 0.704569
1 0.483724 0.765482 0.489583 0.77665 0.491536 0.790863 0.486979 0.815228 0.488932 0.849746 0.499349 0.853807 0.513021 0.848731 0.516927 0.852792 0.538411 0.857868 0.546875 0.854822 0.551432 0.843655 0.551432 0.836548 0.542969 0.827411 0.525391 0.796954 0.533203 0.781726 0.532552 0.772589 0.542969 0.720812 0.546875 0.711675 0.538411 0.691371 0.544271 0.654822 0.542969 0.613198 0.539062 0.611168 0.534505 0.615228 0.516927 0.673096 0.50651 0.684264 0.511719 0.704569 0.509115 0.724873 0.503255 0.728934 0.498047 0.716751 0.494141 0.715736 0.491536 0.73198 0.485677 0.743147 0.486328 0.75736 0.483724 0.765482
1 0.535807 0.813198 0.55013 0.830457 0.558594 0.852792 0.567057 0.857868 0.60026 0.858883 0.617839 0.863959 0.627604 0.857868 0.626953 0.852792 0.619792 0.846701 0.607422 0.848731 0.597656 0.845685 0.595052 0.831472 0.597005 0.798985 0.595052 0.785787 0.578125 0.789848 0.535156 0.787817 0.533854 0.804061 0.535807 0.813198
1 0.603516 0.753299 0.601562 0.764467 0.608073 0.777665 0.615885 0.84264 0.608724 0.849746 0.610026 0.856853 0.672526 0.859898 0.686198 0.856853 0.692057 0.851777 0.695964 0.853807 0.699219 0.834518 0.695964 0.832487 0.694661 0.824365 0.686849 0.817259 0.678385 0.820305 0.671875 0.831472 0.664714 0.831472 0.659505 0.825381 0.64974 0.82335 0.642578 0.807107 0.638021 0.785787 0.63737 0.742132 0.632161 0.727919 0.634766 0.709645 0.621094 0.674112 0.615885 0.674112 0.61263 0.682234 0.613281 0.714721 0.608073 0.724873 0.600911 0.728934 0.599609 0.745178 0.603516 0.753299
1 0.658203 0.738071 0.654948 0.774619 0.664714 0.788832 0.667969 0.798985 0.680339 0.814213 0.671875 0.831472 0.665365 0.834518 0.666016 0.849746 0.677734 0.855838 0.70638 0.858883 0.728516 0.852792 0.738281 0.861929 0.744792 0.860914 0.747396 0.849746 0.74349 0.839594 0.735026 0.833503 0.727214 0.835533 0.720052 0.832487 0.711589 0.82335 0.708984 0.761421 0.70638 0.758376 0.69987 0.760406 0.692057 0.751269 0.686849 0.752284 0.679036 0.746193 0.679036 0.71066 0.676432 0.703553 0.667318 0.694416 0.659505 0.692386 0.650391 0.709645 0.651042 0.722843 0.658203 0.738071
1 0.715495 0.721827 0.709635 0.750254 0.723307 0.820305 0.722656 0.832487 0.73763 0.856853 0.744792 0.858883 0.747396 0.849746 0.740885 0.831472 0.736979 0.774619 0.738932 0.752284 0.735026 0.740102 0.735026 0.714721 0.727214 0.691371 0.713542 0.68731 0.707031 0.68934 0.70638 0.699492 0.715495 0.721827
1 0.715495 0.718782 0.714193 0.738071 0.710286 0.746193 0.717448 0.764467 0.71875 0.783756 0.725911 0.809137 0.723307 0.831472 0.730469 0.845685 0.740885 0.856853 0.761719 0.858883 0.77474 0.851777 0.782552 0.857868 0.799479 0.846701 0.804036 0.835533 0.804036 0.826396 0.799479 0.803046 0.802083 0.764467 0.796875 0.735025 0.792969 0.73198 0.783203 0.73401 0.779948 0.742132 0.774089 0.745178 0.771484 0.735025 0.764323 0.723858 0.761719 0.691371 0.755208 0.682234 0.748698 0.684264 0.736979 0.678173 0.721354 0.690355 0.709635 0.68731 0.70638 0.692386 0.708984 0.707614 0.715495 0.718782
1 0.811198 0.709645 0.81901 0.722843 0.820964 0.736041 0.830729 0.762437 0.830729 0.790863 0.82487 0.826396 0.825521 0.837563 0.80599 0.841624 0.804688 0.851777 0.806641 0.856853 0.820312 0.854822 0.83138 0.858883 0.835938 0.852792 0.847656 0.859898 0.854818 0.869036 0.875651 0.862944 0.89388 0.867005 0.904297 0.859898 0.914062 0.863959 0.947266 0.862944 0.967448 0.869036 0.984375 0.858883 0.999349 0.86599 0.999349 0.818274 0.995443 0.833503 0.990885 0.838579 0.985026 0.840609 0.971354 0.836548 0.966146 0.830457 0.954427 0.791878 0.957031 0.767513 0.955078 0.754315 0.947266 0.75533 0.859375 0.677157 0.860026 0.664975 0.852214 0.652792 0.845052 0.632487 0.836589 0.632487 0.826172 0.622335 0.820312 0.62335 0.813802 0.649746 0.817057 0.667005 0.808594 0.679188 0.813151 0.692386 0.811198 0.709645
1 0.990234 0.775635 0.999349 0.805076 0.999349 0.746193 0.991536 0.748223 0.98112 0.737056 0.977214 0.738071 0.978516 0.760406 0.990234 0.775635