1 0.369141 0.371574 0.359375 0.390863 0.355469 0.390863 0.352214 0.403046 0.354818 0.420305 0.361979 0.432487 0.363932 0.44467 0.354818 0.449746 0.352865 0.456853 0.359375 0.46802 0.374349 0.481218 0.374349 0.528934 0.36849 0.53401 0.358073 0.55736 0.358073 0.567513 0.36263 0.568528 0.383464 0.551269 0.401042 0.542132 0.410156 0.520812 0.42513 0.511675 0.425781 0.504569 0.421224 0.495431 0.441406 0.396954 0.449219 0.386802 0.462891 0.346193 0.457031 0.322843 0.445964 0.324873 0.438802 0.317766 0.43099 0.336041 0.41862 0.352284 0.416667 0.362437 0.410156 0.359391 0.40625 0.349239 0.410807 0.321827 0.402995 0.301523 0.397135 0.298477 0.371094 0.306599 0.36263 0.321827 0.358073 0.347208 0.358073 0.353299 0.369141 0.371574
1 0.244792 0.491371 0.251953 0.501523 0.257161 0.516751 0.252604 0.523858 0.253255 0.53401 0.264974 0.548223 0.273438 0.586802 0.272135 0.596954 0.266276 0.601015 0.258464 0.6 0.254557 0.607107 0.261068 0.635533 0.261068 0.645685 0.257812 0.652792 0.260417 0.655838 0.261068 0.664975 0.264974 0.66599 0.26888 0.675127 0.289062 0.671066 0.320964 0.678173 0.328125 0.678173 0.341146 0.669036 0.340495 0.652792 0.335286 0.634518 0.327474 0.624365 0.319661 0.62132 0.299479 0.593909 0.296875 0.583756 0.298177 0.572589 0.292318 0.567513 0.289062 0.558376 0.289714 0.547208 0.300781 0.522843 0.302083 0.51269 0.303385 0.480203 0.299479 0.463959 0.283854 0.460914 0.281901 0.475127 0.27474 0.482234 0.26888 0.475127 0.266927 0.448731 0.261068 0.445685 0.251302 0.450761 0.24349 0.474112 0.242188 0.481218 0.244792 0.491371
1 0.32487 0.525888 0.324219 0.544162 0.327474 0.553299 0.339844 0.564467 0.341797 0.581726 0.341797 0.61489 0.334635 0.636548 0.337891 0.663959 0.352214 0.678173 0.382161 0.674112 0.38737 0.664975 0.383464 0.646701 0.386719 0.587817 0.346354 0.518782 0.341797 0.503553 0.328776 0.495431 0.322917 0.499492 0.320964 0.509645 0.32487 0.525888
1 0.391927 0.66802 0.402344 0.66802 0.416667 0.641624 0.414714 0.633503 0.401693 0.636548 0.391927 0.629442 0.38737 0.618274 0.384766 0.624365 0.384766 0.652792 0.391927 0.66802
1 0.481771 0.506599 0.481771 0.521827 0.483724 0.525888 0.490885 0.523858 0.496745 0.532995 0.498698 0.540102 0.496745 0.552284 0.501302 0.55533 0.504557 0.550254 0.503906 0.53401 0.516927 0.535025 0.51237 0.508629 0.513672 0.500508 0.540365 0.475127 0.539714 0.459898 0.54362 0.443655 0.533203 0.427411 0.522786 0.42335 0.519531 0.426396 0.516276 0.439594 0.509766 0.432487 0.505208 0.411168 0.491536 0.417259 0.488932 0.424365 0.489583 0.458376 0.481771 0.506599
1 0.468099 0.532995 0.466797 0.572589 0.478516 0.583756 0.490234 0.584772 0.490234 0.552284 0.478516 0.516751 0.479818 0.500508 0.470703 0.491371 0.466797 0.491371 0.465495 0.496447 0.465495 0.521827 0.468099 0.532995
1 0.485677 0.62132 0.483073 0.637563 0.483724 0.655838 0.489583 0.667005 0.51237 0.677157 0.549479 0.673096 0.554688 0.664975 0.550781 0.645685 0.545573 0.638579 0.544922 0.628426 0.538411 0.620305 0.525391 0.614213 0.522135 0.60203 0.511719 0.59797 0.502604 0.587817 0.480469 0.584772 0.477214 0.588832 0.477865 0.613198 0.485677 0.62132
1 0.41276 0.651777 0.414714 0.656853 0.435547 0.672081 0.470703 0.673096 0.484375 0.679188 0.495443 0.670051 0.488932 0.660914 0.486979 0.649746 0.489583 0.643655 0.494792 0.645685 0.494141 0.637563 0.488281 0.638579 0.470052 0.618274 0.460286 0.615228 0.453125 0.618274 0.442057 0.611168 0.436198 0.624365 0.426432 0.62335 0.414714 0.633503 0.416667 0.635533 0.41276 0.651777
1 0.205078 0.548223 0.208333 0.559391 0.203776 0.564467 0.205729 0.571574 0.214844 0.583756 0.222005 0.586802 0.227214 0.583756 0.229818 0.57665 0.22526 0.562437 0.227214 0.524873 0.194661 0.521827 0.196615 0.537056 0.205078 0.548223
1 0.208984 0.637563 0.220052 0.633503 0.222656 0.622335 0.220703 0.580711 0.215495 0.579695 0.202474 0.6 0.201823 0.632487 0.208984 0.637563
1 0.173177 0.587817 0.182943 0.610152 0.184245 0.635533 0.186198 0.640609 0.192708 0.640609 0.195964 0.637563 0.196615 0.62335 0.19401 0.606091 0.19401 0.567513 0.188802 0.556345 0.181641 0.55533 0.17513 0.547208 0.16862 0.553299 0.167318 0.558376 0.173177 0.587817
1 0.14974 0.629442 0.158854 0.626396 0.164062 0.611168 0.16862 0.609137 0.158854 0.573604 0.154948 0.57665 0.149089 0.593909 0.142578 0.603046 0.142578 0.610152 0.14974 0.629442
1 0.159505 0.662944 0.171875 0.664975 0.185547 0.656853 0.183594 0.631472 0.171224 0.611168 0.164714 0.609137 0.158854 0.625381 0.156901 0.657868 0.159505 0.662944
1 0.173177 0.587817 0.183594 0.616244 0.183594 0.645685 0.188802 0.654822 0.195964 0.652792 0.199219 0.618274 0.193359 0.6 0.193359 0.565482 0.1875 0.556345 0.17513 0.548223 0.169271 0.553299 0.167969 0.561421 0.173177 0.587817
1 0.197917 0.648731 0.197266 0.656853 0.201823 0.667005 0.212891 0.66599 0.213542 0.645685 0.197917 0.639594 0.192708 0.645685 0.197917 0.648731
1 0.222656 0.672081 0.223958 0.658883 0.220052 0.653807 0.215495 0.655838 0.216146 0.669036 0.222656 0.672081
1 0.227214 0.661929 0.229818 0.659898 0.231771 0.649746 0.223307 0.646701 0.222005 0.654822 0.227214 0.661929
1 0.236979 0.661929 0.241536 0.663959 0.244141 0.660914 0.244141 0.652792 0.240885 0.647716 0.235026 0.649746 0.234375 0.656853 0.236979 0.661929
1 0.245443 0.650761 0.252604 0.650761 0.258464 0.645685 0.259115 0.637563 0.25651 0.632487 0.250651 0.629442 0.24349 0.631472 0.242839 0.645685 0.245443 0.650761
1 0.233724 0.647716 0.240234 0.645685 0.240234 0.630457 0.233073 0.628426 0.230469 0.633503 0.229818 0.638579 0.233724 0.647716
1 0.19987 0.541117 0.201823 0.611168 0.203125 0.614213 0.214193 0.611168 0.215495 0.630457 0.209635 0.632487 0.208984 0.637563 0.217448 0.638579 0.226562 0.633503 0.236979 0.62335 0.241536 0.610152 0.236979 0.581726 0.240885 0.572589 0.241536 0.560406 0.23112 0.560406 0.22526 0.55533 0.226562 0.524873 0.202474 0.526904 0.194661 0.521827 0.195312 0.532995 0.19987 0.541117
1 0.117839 0.654822 0.129557 0.670051 0.138672 0.669036 0.144531 0.657868 0.144531 0.637563 0.138021 0.618274 0.125 0.603046 0.128255 0.584772 0.126302 0.573604 0.123047 0.569543 0.114583 0.571574 0.113932 0.603046 0.117839 0.654822
1 0.080729 0.663959 0.100967 0.649995 0.11035 0.658354 0.116455 0.649762 0.115234 0.626396 0.102214 0.606091 0.085286 0.622335 0.086374 0.636293 0.07487 0.641624 0.075521 0.656853 0.080729 0.663959
1 0.032552 0.476142 0.027995 0.48731 0.027995 0.494416 0.05013 0.57665 0.057292 0.585787 0.0625 0.586802 0.065755 0.583756 0.06901 0.545516 0.080729 0.483249 0.084635 0.476142 0.082682 0.433503 0.077474 0.432487 0.068359 0.445685 0.057292 0.431472 0.052734 0.432487 0.04362 0.424365 0.038411 0.424365 0.026042 0.459898 0.026042 0.467005 0.032552 0.476142
1 0.082031 0.561421 0.070964 0.575635 0.076823 0.601015 0.111979 0.565482 0.110677 0.560406 0.102865 0.558376 0.101562 0.541117 0.11263 0.511675 0.11263 0.495431 0.108724 0.492386 0.103516 0.495431 0.079427 0.523858 0.077474 0.547208 0.082031 0.561421
1 0.757812 0.390863 0.763672 0.406091 0.761719 0.42132 0.776693 0.436548 0.772135 0.453807 0.784505 0.516751 0.80013 0.53198 0.803385 0.539086 0.80599 0.548223 0.802734 0.566497 0.80599 0.583756 0.811849 0.582741 0.820964 0.591878 0.82487 0.589848 0.834635 0.575635 0.828125 0.564467 0.832031 0.541117 0.822917 0.517766 0.828125 0.514721 0.833333 0.501523 0.841146 0.492386 0.852214 0.48731 0.859375 0.471066 0.869792 0.460914 0.875 0.44467 0.867839 0.434518 0.871094 0.412183 0.86263 0.394924 0.863281 0.390863 0.858724 0.390863 0.85612 0.405076 0.848307 0.412183 0.832031 0.404061 0.83138 0.396954 0.823568 0.386802 0.818359 0.369543 0.82487 0.322843 0.820312 0.320812 0.8125 0.330964 0.802083 0.322843 0.796875 0.307614 0.791016 0.309645 0.779948 0.328934 0.779948 0.335025 0.788411 0.347208 0.785807 0.379695 0.776042 0.381726 0.761719 0.360406 0.758464 0.359391 0.75651 0.365482 0.755208 0.372589 0.757812 0.390863
1 0.731771 0.553299 0.745443 0.579695 0.746094 0.586802 0.73763 0.595939 0.734375 0.589848 0.720052 0.594924 0.720052 0.603046 0.733724 0.616244 0.750651 0.612183 0.758464 0.604061 0.76237 0.590863 0.761068 0.577665 0.764974 0.539086 0.758464 0.532995 0.746745 0.538071 0.744141 0.53198 0.730469 0.521827 0.727214 0.522843 0.733724 0.542132 0.731771 0.553299
1 0.642904 0.50203 0.642578 0.517766 0.636719 0.520812 0.635417 0.525888 0.649089 0.55736 0.64974 0.581726 0.655599 0.598985 0.654297 0.612183 0.657552 0.618274 0.664714 0.618274 0.661458 0.612183 0.664714 0.610152 0.656901 0.601015 0.65625 0.594924 0.657552 0.590863 0.664062 0.590863 0.667318 0.579695 0.671224 0.57665 0.666667 0.535025 0.66862 0.528934 0.676432 0.521827 0.675781 0.497462 0.671875 0.486294 0.675781 0.459898 0.664714 0.452792 0.662109 0.428426 0.650391 0.426396 0.648438 0.429442 0.645833 0.448731 0.647786 0.471066 0.640625 0.478173 0.638672 0.486294 0.639323 0.495431 0.642904 0.50203
1 0.559896 0.577665 0.564453 0.606091 0.578776 0.59797 0.585938 0.583756 0.589193 0.547208 0.595052 0.521827 0.594401 0.511675 0.591797 0.509645 0.589193 0.516751 0.570964 0.528934 0.565104 0.544162 0.567057 0.55533 0.559896 0.577665
1 0.557292 0.654822 0.561198 0.652792 0.5625 0.645685 0.572917 0.647716 0.578776 0.66802 0.585938 0.679188 0.588542 0.679188 0.596354 0.664975 0.595052 0.641624 0.591797 0.630457 0.583333 0.62132 0.576172 0.60203 0.553385 0.618274 0.552734 0.62335 0.552734 0.64467 0.557292 0.654822
1 0.630208 0.612183 0.634766 0.604061 0.636719 0.571574 0.633464 0.569543 0.630208 0.57665 0.623698 0.57665 0.621094 0.571574 0.614583 0.569543 0.616536 0.584772 0.630208 0.612183
1 0.604818 0.656853 0.614583 0.667005 0.642578 0.660914 0.653646 0.675127 0.65625 0.671066 0.667969 0.669036 0.667969 0.660914 0.657552 0.648731 0.654948 0.650761 0.648438 0.638579 0.647135 0.618274 0.629557 0.624365 0.621094 0.645685 0.608073 0.64467 0.604818 0.649746 0.604818 0.656853
1 0.705729 0.64264 0.705729 0.675127 0.720052 0.675127 0.734375 0.66802 0.735026 0.643655 0.73763 0.633503 0.735677 0.62335 0.727214 0.618274 0.701172 0.622335 0.700521 0.632487 0.705729 0.64264
1 0.044271 0.650761 0.068359 0.664975 0.071615 0.656853 0.070312 0.635533 0.078125 0.617259 0.078125 0.603046 0.071615 0.604061 0.058594 0.593909 0.051432 0.580711 0.042318 0.587817 0.035807 0.570558 0.033203 0.567513 0.029297 0.570558 0.030599 0.608122 0.044271 0.650761
1 0.0 0.641624 0.013672 0.635533 0.020182 0.62335 0.016927 0.611168 0.004557 0.604061 0.0 0.605076 0.0 0.641624
1 0.011719 0.697462 0.016927 0.696447 0.020182 0.68934 0.020182 0.683249 0.014974 0.675127 0.011719 0.674112 0.005859 0.681218 0.005208 0.688325 0.011719 0.697462
1 0.897786 0.518782 0.889974 0.527919 0.889974 0.532995 0.900391 0.545178 0.896484 0.556345 0.89974 0.569543 0.895833 0.586802 0.898438 0.6 0.90625 0.598985 0.911458 0.590863 0.91862 0.55533 0.927734 0.536041 0.928385 0.476142 0.926432 0.471066 0.928385 0.452792 0.924479 0.449746 0.921875 0.455838 0.915365 0.443655 0.907552 0.44467 0.905599 0.448731 0.906901 0.456853 0.897786 0.518782
1 0.949219 0.59797 0.960938 0.580711 0.957682 0.564467 0.970052 0.529949 0.965495 0.523858 0.960286 0.530964 0.955078 0.530964 0.950521 0.516751 0.938802 0.522843 0.942057 0.587817 0.949219 0.59797
1 0.960286 0.626396 0.963542 0.626396 0.96875 0.618274 0.968099 0.607107 0.959635 0.584772 0.952474 0.590863 0.948568 0.604061 0.947917 0.614213 0.960286 0.626396
1 0.990885 0.456853 0.999349 0.46599 0.999349 0.42132 0.994792 0.424365 0.991536 0.433503 0.989583 0.44467 0.990885 0.456853
1 0.999349 0.412183 0.999349 0.386802 0.990885 0.392893 0.988932 0.40203 0.999349 0.412183
1 0.988281 0.60203 0.986979 0.638579 0.999349 0.646701 0.999349 0.569543 0.990885 0.571574 0.979167 0.583756 0.978516 0.590863 0.988281 0.60203
1 0.794271 0.605076 0.83138 0.648731 0.83724 0.635533 0.845703 0.626396 0.852865 0.630457 0.859375 0.628426 0.875 0.584772 0.874349 0.574619 0.86849 0.568528 0.860677 0.574619 0.860677 0.587817 0.857422 0.594924 0.845703 0.601015 0.83138 0.60203 0.815104 0.596954 0.810547 0.583756 0.799479 0.589848 0.792969 0.572589 0.78776 0.572589 0.789062 0.594924 0.794271 0.605076
1 0.846354 0.667005 0.852214 0.674112 0.864583 0.670051 0.900391 0.681218 0.925781 0.677157 0.940104 0.682234 0.948568 0.677157 0.963542 0.679188 0.976562 0.676142 0.999349 0.681218 0.999349 0.570558 0.992188 0.571574 0.979167 0.583756 0.980469 0.591878 0.970052 0.608122 0.966146 0.603046 0.960286 0.575635 0.955078 0.573604 0.955078 0.567513 0.959635 0.560406 0.96875 0.528934 0.966797 0.524873 0.960286 0.529949 0.954427 0.528934 0.953125 0.520812 0.947917 0.517766 0.939453 0.521827 0.938151 0.529949 0.942057 0.561421 0.944661 0.565482 0.942708 0.57665 0.951172 0.589848 0.946615 0.605076 0.93099 0.607107 0.917318 0.616244 0.907552 0.604061 0.900391 0.604061 0.897135 0.611168 0.882812 0.617259 0.872396 0.640609 0.86849 0.641624 0.865885 0.632487 0.856771 0.639594 0.847656 0.637563 0.840495 0.647716 0.835938 0.648731 0.836589 0.667005 0.846354 0.667005
1 0.736328 0.66802 0.740885 0.671066 0.804036 0.675127 0.822266 0.669036 0.832031 0.657868 0.822917 0.634518 0.807292 0.631472 0.803385 0.625381 0.781901 0.62335 0.77474 0.630457 0.744141 0.62132 0.738281 0.629442 0.735677 0.64467 0.736328 0.66802
1 0.665365 0.631472 0.661458 0.645685 0.68099 0.670051 0.689453 0.669036 0.695964 0.661929 0.697917 0.643655 0.69401 0.589848 0.6875 0.586802 0.685547 0.590863 0.670573 0.593909 0.664714 0.587817 0.65625 0.586802 0.654297 0.589848 0.653646 0.614213 0.665365 0.631472
1 0.02474 0.664975 0.033203 0.66599 0.044922 0.653807 0.029297 0.614213 0.026042 0.614213 0.017578 0.637563 0.018229 0.656853 0.02474 0.664975
1 0.0 0.64467 0.013021 0.637563 0.020833 0.622335 0.018229 0.612183 0.013591 0.596459 0.003255 0.604061 0.0 0.605076 0.0 0.64467