1 0.802027 0.762658 0.796622 0.761603 0.794595 0.74789 0.796622 0.734177 0.793919 0.7173 0.794595 0.697257 0.777027 0.708861 0.769595 0.726793 0.739865 0.723629 0.733784 0.718354 0.74527 0.663502 0.752027 0.651899 0.753378 0.64346 0.752703 0.632911 0.737838 0.618143 0.730405 0.618143 0.726351 0.612869 0.693243 0.616034 0.691892 0.627637 0.698649 0.647679 0.700676 0.681435 0.694595 0.695148 0.689865 0.695148 0.683108 0.702532 0.674324 0.706751 0.666216 0.703586 0.660135 0.690928 0.658108 0.674051 0.636486 0.668776 0.631081 0.675105 0.631757 0.698312 0.634459 0.707806 0.646622 0.716245 0.653378 0.732068 0.651351 0.754219 0.646622 0.758439 0.652027 0.781646 0.645946 0.800633 0.652027 0.81962 0.658108 0.825949 0.759459 0.828059 0.767568 0.81962 0.773649 0.81962 0.776351 0.824895 0.787162 0.827004 0.798649 0.815401 0.801351 0.799578 0.806757 0.791139 0.805405 0.774262 0.802027 0.762658
1 0.816892 0.778481 0.812162 0.781646 0.806081 0.811181 0.808784 0.830169 0.816216 0.829114 0.818919 0.824895 0.825 0.804852 0.823649 0.794304 0.816892 0.778481
1 0.593919 0.686709 0.589865 0.684599 0.575 0.691983 0.557432 0.687764 0.553378 0.690928 0.549324 0.707806 0.540541 0.701477 0.531757 0.701477 0.522973 0.712025 0.524324 0.719409 0.545946 0.741561 0.547297 0.764768 0.558108 0.778481 0.561486 0.78903 0.564865 0.827004 0.593243 0.824895 0.608784 0.828059 0.612838 0.818565 0.616892 0.794304 0.615541 0.785865 0.611486 0.78692 0.599324 0.805907 0.591892 0.809072 0.589865 0.804852 0.591216 0.791139 0.597973 0.776371 0.598649 0.766878 0.582432 0.739451 0.580405 0.720464 0.595946 0.702532 0.596622 0.694093 0.593919 0.686709
1 0.635811 0.800633 0.625676 0.792194 0.622297 0.793249 0.620946 0.812236 0.627703 0.828059 0.639189 0.827004 0.641892 0.820675 0.641216 0.811181 0.635811 0.800633
1 0.51036 0.7936 0.504054 0.78481 0.498649 0.790084 0.502027 0.82384 0.505405 0.828059 0.520946 0.824895 0.522973 0.801688 0.51036 0.7936
1 0.541892 0.800633 0.531757 0.806962 0.531081 0.82173 0.550676 0.828059 0.553378 0.820675 0.552027 0.810127 0.541892 0.800633
1 0.488514 0.775316 0.483108 0.777426 0.478378 0.792194 0.473649 0.797468 0.472973 0.814346 0.475676 0.82384 0.487838 0.825949 0.493243 0.818565 0.494595 0.798523 0.491892 0.781646 0.488514 0.775316
1 0.464189 0.71308 0.462162 0.719409 0.448649 0.716245 0.447297 0.719409 0.448649 0.735232 0.445946 0.74789 0.441216 0.755274 0.445946 0.773207 0.440541 0.804852 0.447297 0.82173 0.457432 0.822785 0.460811 0.818565 0.461486 0.798523 0.471622 0.783755 0.472297 0.742616 0.477703 0.719409 0.475676 0.712025 0.464189 0.71308
1 0.424324 0.78481 0.420946 0.781646 0.416892 0.783755 0.415541 0.798523 0.411486 0.804852 0.414865 0.822785 0.417568 0.825949 0.431081 0.82384 0.430405 0.808017 0.424324 0.78481
1 0.39527 0.790084 0.388514 0.794304 0.385135 0.808017 0.388514 0.82384 0.402027 0.82173 0.402027 0.792194 0.39527 0.790084
1 0.381081 0.618143 0.364865 0.622363 0.341216 0.618143 0.332432 0.620253 0.330405 0.631857 0.34527 0.662447 0.349324 0.690928 0.338514 0.707806 0.337162 0.703586 0.32973 0.701477 0.324324 0.684599 0.311486 0.690928 0.308784 0.683544 0.304054 0.682489 0.293243 0.71519 0.294595 0.729958 0.30473 0.748945 0.296622 0.781646 0.289865 0.785865 0.286486 0.805907 0.281081 0.809072 0.275676 0.802743 0.271622 0.803797 0.266892 0.809072 0.265541 0.81962 0.316216 0.818565 0.346622 0.811181 0.358108 0.822785 0.370946 0.820675 0.378378 0.799578 0.375 0.773207 0.37973 0.741561 0.384459 0.734177 0.395946 0.726793 0.405405 0.699367 0.406081 0.670886 0.401351 0.670886 0.389865 0.682489 0.383784 0.671941 0.383108 0.663502 0.390541 0.642405 0.390541 0.627637 0.381081 0.618143
1 0.910811 0.695148 0.891892 0.699367 0.885135 0.714135 0.884459 0.725738 0.87973 0.739451 0.881081 0.771097 0.889189 0.780591 0.893243 0.811181 0.891892 0.816456 0.898649 0.828059 0.910811 0.828059 0.918243 0.799578 0.906757 0.772152 0.908108 0.75211 0.917568 0.724684 0.917568 0.706751 0.910811 0.695148
1 0.871622 0.735232 0.865541 0.738397 0.847973 0.733122 0.840541 0.753165 0.827027 0.745781 0.822973 0.748945 0.82027 0.764768 0.823649 0.777426 0.82973 0.785865 0.832432 0.815401 0.837162 0.829114 0.877703 0.832278 0.885135 0.81962 0.885811 0.814346 0.875 0.802743 0.870946 0.790084 0.867568 0.790084 0.861486 0.780591 0.868919 0.763713 0.873649 0.738397 0.871622 0.735232
1 0.983108 0.68038 0.975 0.68038 0.943919 0.708861 0.946622 0.728903 0.938514 0.74789 0.938514 0.755274 0.955405 0.805907 0.958108 0.82384 0.962162 0.828059 0.969595 0.828059 0.972297 0.817511 0.972297 0.78903 0.977027 0.777426 0.975676 0.740506 0.97973 0.723629 0.979054 0.71097 0.986486 0.698312 0.985811 0.687764 0.983108 0.68038
1 0.943919 0.794304 0.943243 0.804852 0.937162 0.805907 0.932432 0.793249 0.924324 0.785865 0.920946 0.787975 0.927703 0.832278 0.939865 0.829114 0.941892 0.820675 0.947973 0.813291 0.947297 0.794304 0.943919 0.794304
1 1.0 0.719089 0.993243 0.731013 0.982432 0.776371 0.979054 0.781646 0.97973 0.816456 0.987838 0.827004 1.0 0.82783 1.0 0.719089
1 0.232432 0.554852 0.229054 0.545359 0.221622 0.545359 0.209459 0.552743 0.187838 0.543249 0.171622 0.542194 0.170946 0.554852 0.164865 0.566456 0.165541 0.582278 0.158784 0.589662 0.155405 0.586498 0.14527 0.556962 0.140541 0.556962 0.135135 0.565401 0.126351 0.570675 0.125676 0.579114 0.137162 0.599156 0.136486 0.616034 0.141216 0.629747 0.139865 0.646624 0.161486 0.686709 0.164865 0.707806 0.160135 0.719409 0.137838 0.721519 0.137838 0.728903 0.14527 0.74789 0.135473 0.763186 0.132432 0.758439 0.127703 0.760549 0.127027 0.7827 0.118243 0.798523 0.120946 0.813291 0.130405 0.816456 0.166216 0.810127 0.176351 0.815401 0.193243 0.815401 0.193243 0.783755 0.187162 0.781646 0.184459 0.776371 0.188514 0.748945 0.217568 0.741561 0.22027 0.736287 0.219595 0.714135 0.214865 0.702532 0.22027 0.654008 0.224324 0.650844 0.225676 0.639241 0.237162 0.620253 0.238514 0.610759 0.234459 0.595992 0.246622 0.561181 0.243243 0.550633 0.232432 0.554852
1 0.281757 0.672996 0.27027 0.701477 0.264865 0.699367 0.260135 0.686709 0.25 0.682489 0.247297 0.668776 0.243243 0.669831 0.241216 0.677215 0.231081 0.682489 0.228378 0.71308 0.232432 0.727848 0.232432 0.755274 0.237838 0.773207 0.231757 0.808017 0.239189 0.81962 0.255405 0.804852 0.25473 0.797468 0.259459 0.778481 0.269595 0.767932 0.267568 0.758439 0.256757 0.764768 0.252703 0.75 0.281081 0.707806 0.287838 0.688819 0.287162 0.672996 0.281757 0.672996
1 0.099324 0.740506 0.093919 0.741561 0.089865 0.732068 0.093919 0.708861 0.091892 0.688819 0.086486 0.700422 0.07027 0.697257 0.071622 0.71519 0.066892 0.736287 0.081757 0.778481 0.076351 0.790084 0.059459 0.795359 0.055405 0.805907 0.056757 0.813291 0.064865 0.816456 0.087162 0.809072 0.101351 0.810127 0.102027 0.745781 0.099324 0.740506
1 0.0 0.813733 0.011486 0.815401 0.017568 0.813291 0.019595 0.808017 0.029054 0.812236 0.048649 0.810127 0.052027 0.800633 0.051351 0.793249 0.012838 0.760549 0.003378 0.779536 0.0 0.777777 0.0 0.813733
1 0.218243 0.798523 0.210811 0.797468 0.207432 0.800633 0.20473 0.812236 0.212162 0.81962 0.222297 0.820675 0.220946 0.803797 0.218243 0.798523