1 0.0 0.295687 0.031601 0.310307 0.037219 0.319079 0.047051 0.349781 0.043539 0.384868 0.02809 0.395833 0.018961 0.395833 0.01264 0.408991 0.015449 0.412281 0.039326 0.411184 0.04986 0.41886 0.052669 0.429825 0.051966 0.45943 0.092697 0.47807 0.098315 0.497807 0.099017 0.505482 0.094803 0.515351 0.091292 0.538377 0.079354 0.547149 0.077247 0.557018 0.058287 0.555921 0.054073 0.550439 0.047753 0.550439 0.050562 0.575658 0.156601 0.660088 0.172753 0.694079 0.182584 0.70614 0.194522 0.705044 0.188904 0.691886 0.1875 0.615132 0.191011 0.604167 0.190309 0.588816 0.184691 0.578947 0.180478 0.578947 0.176966 0.580044 0.17486 0.591009 0.16573 0.593202 0.164326 0.563596 0.143258 0.538377 0.13764 0.526316 0.136236 0.492325 0.138343 0.476974 0.144663 0.470395 0.145365 0.457237 0.130618 0.411184 0.120084 0.402412 0.042837 0.171053 0.050562 0.155702 0.051264 0.145833 0.047051 0.140351 0.040028 0.141447 0.026685 0.127193 0.0 0.081738 0.0 0.203673 0.000702 0.207237 0.014045 0.226974 0.002107 0.242325 0.0 0.242325 0.0 0.295687
1 0.0 0.413377 0.010888 0.413377 0.010888 0.410636 0.0 0.410636 0.0 0.413377
1 0.0 0.294657 0.014747 0.296053 0.036517 0.308114 0.04986 0.305921 0.042837 0.294956 0.027388 0.286184 0.007725 0.264254 0.004916 0.246711 0.001404 0.241228 0.0 0.241228 0.0 0.294657
1 0.0 0.537418 0.009831 0.538377 0.016152 0.533991 0.017556 0.525219 0.014045 0.513158 0.014045 0.504386 0.016854 0.501096 0.014045 0.494518 0.016152 0.491228 0.007022 0.47807 0.01264 0.471491 0.0 0.456454 0.0 0.519737 0.0 0.537418
1 0.0 0.566455 0.00632 0.564693 0.036517 0.571272 0.053371 0.583333 0.078652 0.582237 0.09059 0.58443 0.094101 0.589912 0.099017 0.58443 0.091292 0.574561 0.077247 0.570175 0.061096 0.558114 0.035112 0.554825 0.016152 0.544956 0.0 0.545965 0.0 0.566455
1 0.0 0.630625 0.002107 0.627193 0.015449 0.616228 0.027388 0.617325 0.049157 0.637061 0.066713 0.676535 0.082163 0.684211 0.087079 0.682018 0.083567 0.653509 0.074438 0.645833 0.04073 0.598684 0.022472 0.597588 0.009129 0.585526 0.000702 0.591009 0.0 0.590735 0.0 0.630625
1 0.0 0.613519 0.021067 0.609649 0.030899 0.616228 0.03441 0.614035 0.032303 0.607456 0.008427 0.583333 0.0 0.583333 0.0 0.613519
1 0.139045 0.736842 0.140449 0.730263 0.133427 0.711623 0.108146 0.705044 0.094803 0.692982 0.089185 0.680921 0.083567 0.650219 0.067416 0.644737 0.063904 0.644737 0.061798 0.650219 0.061798 0.669956 0.058287 0.685307 0.063202 0.697368 0.075843 0.70943 0.101826 0.724781 0.117275 0.726974 0.132022 0.736842 0.139045 0.736842
1 0.163624 0.721491 0.152388 0.70943 0.151685 0.699561 0.147472 0.695175 0.143258 0.701754 0.145365 0.713816 0.139045 0.721491 0.133427 0.739035 0.125 0.744518 0.113764 0.743421 0.099017 0.754386 0.083567 0.744518 0.072331 0.755482 0.06882 0.759868 0.06882 0.767544 0.117275 0.794956 0.125702 0.794956 0.14677 0.765351 0.15941 0.754386 0.16573 0.734649 0.163624 0.721491
1 0.027388 0.788377 0.025983 0.796053 0.030899 0.801535 0.03441 0.800439 0.067416 0.77193 0.057584 0.762061 0.045646 0.759868 0.042837 0.769737 0.027388 0.788377
1 0.030899 0.747807 0.019663 0.75 0.01264 0.756579 0.007725 0.76864 0.008427 0.789474 0.016152 0.797149 0.024579 0.797149 0.030197 0.77193 0.043539 0.756579 0.045646 0.743421 0.040028 0.739035 0.030899 0.747807
1 0.166433 0.873904 0.139747 0.854167 0.136938 0.843202 0.127809 0.844298 0.121489 0.857456 0.114466 0.862939 0.098315 0.866228 0.089888 0.879386 0.089888 0.890351 0.097612 0.901316 0.110955 0.902412 0.117275 0.894737 0.13132 0.914474 0.148876 0.907895 0.168539 0.880482 0.166433 0.873904
1 0.245084 0.938596 0.227528 0.913377 0.198034 0.898026 0.190309 0.89693 0.169944 0.919956 0.169242 0.930921 0.175562 0.938596 0.196629 0.939693 0.218399 0.929825 0.239466 0.941886 0.244382 0.950658 0.246489 0.947368 0.245084 0.938596
1 0.139045 0.919956 0.146067 0.91557 0.150983 0.917763 0.162921 0.907895 0.167135 0.911184 0.16573 0.91886 0.172753 0.938596 0.207163 0.929825 0.214185 0.913377 0.212079 0.908991 0.201545 0.906798 0.194522 0.894737 0.194522 0.879386 0.206461 0.862939 0.20927 0.843202 0.202949 0.835526 0.199438 0.824561 0.20014 0.813596 0.196629 0.808114 0.191011 0.813596 0.191011 0.847588 0.183989 0.865132 0.169242 0.868421 0.158006 0.865132 0.15309 0.857456 0.150983 0.842105 0.147472 0.844298 0.139747 0.836623 0.127107 0.843202 0.121489 0.858553 0.113764 0.865132 0.10323 0.866228 0.092697 0.876096 0.091292 0.885965 0.094803 0.898026 0.106039 0.903509 0.113062 0.901316 0.117275 0.89364 0.120787 0.894737 0.128511 0.916667 0.139045 0.919956
1 0.218399 0.843202 0.229635 0.824561 0.23736 0.825658 0.242275 0.817982 0.245084 0.800439 0.258427 0.778509 0.266152 0.77193 0.236657 0.769737 0.233848 0.759868 0.233848 0.741228 0.230337 0.737939 0.224017 0.742325 0.218399 0.758772 0.20927 0.765351 0.192416 0.753289 0.16573 0.754386 0.157303 0.760965 0.158006 0.776316 0.184691 0.781798 0.193118 0.79057 0.204354 0.813596 0.205758 0.821272 0.203652 0.825658 0.210674 0.845395 0.218399 0.843202
1 0.176966 0.722588 0.176264 0.730263 0.183287 0.741228 0.189607 0.743421 0.192416 0.740132 0.192416 0.730263 0.1875 0.720395 0.181882 0.718202 0.176966 0.722588
1 0.117978 0.770833 0.113764 0.777412 0.117275 0.79057 0.127107 0.79057 0.135534 0.781798 0.136938 0.757675 0.115871 0.759868 0.117978 0.770833
1 0.162921 0.713816 0.150983 0.717105 0.148876 0.736842 0.135534 0.751096 0.139045 0.751096 0.146067 0.763158 0.172051 0.754386 0.174157 0.742325 0.169944 0.721491 0.162921 0.713816
1 0.202949 0.801535 0.214888 0.805921 0.233848 0.803728 0.240871 0.792763 0.233848 0.745614 0.235955 0.740132 0.252809 0.730263 0.255618 0.720395 0.263343 0.719298 0.268961 0.686404 0.267556 0.673246 0.259831 0.662281 0.252809 0.680921 0.252107 0.692982 0.240169 0.711623 0.226124 0.720395 0.210674 0.717105 0.206461 0.730263 0.210674 0.734649 0.214185 0.732456 0.217697 0.737939 0.219101 0.756579 0.21559 0.773026 0.209972 0.774123 0.201545 0.783991 0.202949 0.801535
1 0.094773 1.0 0.087079 0.969298 0.075843 0.963816 0.067416 0.97807 0.066713 0.989035 0.072858 1.0 0.094773 1.0
1 0.051966 0.928728 0.051966 0.938596 0.056882 0.947368 0.061798 0.947368 0.066011 0.941886 0.066011 0.930921 0.063202 0.925439 0.056882 0.923246 0.051966 0.928728
1 0.192874 1.0 0.192416 0.996711 0.183989 0.98136 0.176966 0.97807 0.169944 0.968202 0.166433 0.969298 0.161517 0.980263 0.158708 0.992325 0.162283 1.0 0.192874 1.0
1 0.288624 1.0 0.287219 0.975877 0.288624 0.958333 0.297753 0.947368 0.296348 0.939693 0.281601 0.925439 0.280899 0.913377 0.275983 0.902412 0.266854 0.904605 0.26264 0.917763 0.258427 0.917763 0.254916 0.908991 0.247191 0.907895 0.241573 0.921053 0.240871 0.927632 0.253511 0.950658 0.259129 0.969298 0.259831 0.994518 0.258996 1.0 0.288624 1.0
1 0.29181 1.0 0.29073 0.998904 0.290028 0.990132 0.295646 0.968202 0.301966 0.967105 0.297051 0.953947 0.297051 0.938596 0.287219 0.934211 0.280899 0.947368 0.277388 0.95943 0.280197 0.961623 0.278792 0.967105 0.270365 0.983553 0.270365 1.0 0.29181 1.0
1 0.338483 0.819079 0.343399 0.792763 0.349017 0.781798 0.365169 0.76864 0.375 0.766447 0.383427 0.75 0.386236 0.716009 0.390449 0.699561 0.380618 0.688596 0.364466 0.653509 0.357444 0.650219 0.350421 0.658991 0.34691 0.6875 0.339185 0.70614 0.311096 0.716009 0.301966 0.70943 0.29986 0.692982 0.286517 0.657895 0.273174 0.650219 0.268961 0.642544 0.26264 0.648026 0.255618 0.690789 0.248596 0.705044 0.250702 0.708333 0.247191 0.729167 0.266854 0.763158 0.293539 0.778509 0.310393 0.809211 0.320927 0.811404 0.334972 0.822368 0.338483 0.819079
1 0.235253 0.60636 0.236657 0.617325 0.261236 0.638158 0.264045 0.623904 0.260534 0.610746 0.268258 0.578947 0.26264 0.575658 0.252809 0.559211 0.247893 0.542763 0.238062 0.529605 0.228933 0.532895 0.226124 0.525219 0.218399 0.523026 0.216292 0.526316 0.218399 0.531798 0.226826 0.54057 0.236657 0.563596 0.240871 0.566886 0.246489 0.58443 0.247191 0.593202 0.235253 0.60636
1 0.392346 1.0 0.390449 0.990132 0.386938 0.984649 0.379213 0.992325 0.374298 0.987939 0.370787 0.976974 0.363764 0.979167 0.363062 0.991228 0.367815 1.0 0.392346 1.0
1 0.394663 0.945175 0.393961 0.916667 0.399579 0.900219 0.399579 0.887061 0.375 0.872807 0.367978 0.873904 0.366573 0.878289 0.367275 0.911184 0.370787 0.923246 0.376404 0.929825 0.377107 0.938596 0.367978 0.940789 0.367978 0.947368 0.386938 0.958333 0.394663 0.945175
1 0.421348 0.785088 0.417135 0.77193 0.408708 0.766447 0.400983 0.77193 0.398174 0.783991 0.402388 0.815789 0.400983 0.885965 0.403792 0.895833 0.411517 0.89693 0.41573 0.890351 0.417837 0.875 0.415028 0.825658 0.421348 0.785088
1 0.482444 0.942982 0.477528 0.904605 0.45927 0.887061 0.455758 0.871711 0.450843 0.865132 0.446629 0.864035 0.445225 0.869518 0.445927 0.883772 0.442416 0.901316 0.436798 0.908991 0.438202 0.91886 0.451545 0.929825 0.462079 0.957237 0.477528 0.957237 0.482444 0.942982
1 0.491433 1.0 0.490169 0.990132 0.483146 0.986842 0.478933 0.992325 0.478933 1.0 0.491433 1.0
1 0.498596 0.935307 0.507725 0.924342 0.508427 0.91557 0.5 0.903509 0.492978 0.905702 0.49368 0.929825 0.498596 0.935307
1 0.424157 0.611842 0.436096 0.622807 0.46559 0.717105 0.464888 0.725877 0.476124 0.756579 0.490871 0.781798 0.502107 0.783991 0.510534 0.76864 0.509831 0.755482 0.51264 0.747807 0.52177 0.743421 0.524579 0.725877 0.521067 0.713816 0.503511 0.708333 0.491573 0.678728 0.485253 0.672149 0.485955 0.653509 0.495787 0.633772 0.497191 0.621711 0.485253 0.597588 0.480337 0.567982 0.476826 0.563596 0.454354 0.557018 0.445225 0.535088 0.439607 0.494518 0.445225 0.485746 0.448034 0.487939 0.446629 0.482456 0.450843 0.468202 0.436798 0.439693 0.435393 0.41886 0.428371 0.413377 0.423455 0.423246 0.391152 0.425439 0.375702 0.408991 0.359551 0.426535 0.358146 0.430921 0.360955 0.438596 0.393258 0.473684 0.405899 0.520833 0.420646 0.54057 0.425562 0.566886 0.422753 0.575658 0.424157 0.611842
1 0.544242 0.867325 0.549157 0.860746 0.549157 0.850877 0.54073 0.825658 0.54073 0.813596 0.547051 0.789474 0.556882 0.774123 0.558989 0.752193 0.555478 0.744518 0.551966 0.746711 0.54986 0.755482 0.538624 0.769737 0.525983 0.758772 0.514045 0.754386 0.51264 0.767544 0.52177 0.781798 0.514045 0.794956 0.514045 0.805921 0.524579 0.841009 0.524579 0.855263 0.529494 0.865132 0.544242 0.867325
1 0.261942 0.438054 0.261499 0.438054 0.261499 0.439424 0.261942 0.439424 0.261942 0.438054
1 0.255618 0.298246 0.252809 0.305921 0.247191 0.308114 0.240169 0.292763 0.229635 0.280702 0.220506 0.292763 0.225421 0.304825 0.240871 0.323465 0.246489 0.349781 0.239466 0.376096 0.240169 0.463816 0.245084 0.467105 0.27809 0.455044 0.27809 0.445175 0.27177 0.421053 0.276685 0.392544 0.273876 0.376096 0.269663 0.373904 0.268961 0.364035 0.282303 0.322368 0.293539 0.303728 0.297753 0.288377 0.299157 0.276316 0.289326 0.264254 0.285112 0.248904 0.301966 0.200658 0.301966 0.175439 0.297051 0.169956 0.292135 0.174342 0.285815 0.20614 0.27809 0.218202 0.266854 0.217105 0.261938 0.239035 0.258427 0.242325 0.245787 0.217105 0.249298 0.175439 0.25632 0.152412 0.25632 0.142544 0.233848 0.156798 0.225421 0.150219 0.220506 0.126096 0.216994 0.126096 0.212781 0.139254 0.205758 0.1875 0.207163 0.197368 0.219101 0.216009 0.235955 0.253289 0.242978 0.260965 0.244382 0.27193 0.248596 0.276316 0.255618 0.298246
1 0.188904 0.255482 0.191713 0.266447 0.204354 0.273026 0.219101 0.257675 0.203652 0.225877 0.197331 0.223684 0.192416 0.230263 0.188904 0.255482
1 0.13764 0.0 0.147472 0.030702 0.144663 0.053728 0.133427 0.08114 0.105337 0.100877 0.09691 0.119518 0.101826 0.14693 0.125 0.220395 0.139747 0.255482 0.144663 0.259868 0.148174 0.256579 0.147472 0.246711 0.136938 0.217105 0.136236 0.177632 0.139747 0.162281 0.155899 0.142544 0.16573 0.115132 0.170646 0.039474 0.179494 0.0 0.13764 0.0
1 0.07462 0.0 0.069522 0.053728 0.079354 0.076754 0.078652 0.109649 0.082865 0.126096 0.091292 0.134868 0.096208 0.127193 0.097612 0.093202 0.092697 0.086623 0.089888 0.073465 0.09059 0.059211 0.086376 0.027412 0.091994 0.008772 0.099797 0.0 0.07462 0.0
1 0.206461 0.447368 0.203652 0.441886 0.198736 0.439693 0.188202 0.446272 0.18118 0.433114 0.170646 0.424342 0.165028 0.410088 0.144663 0.411184 0.143961 0.422149 0.154494 0.433114 0.164326 0.455044 0.184691 0.467105 0.199438 0.490132 0.203652 0.484649 0.207865 0.466009 0.206461 0.447368
1 0.107444 0.256579 0.110253 0.276316 0.11868 0.292763 0.132022 0.307018 0.141152 0.309211 0.140449 0.297149 0.134129 0.277412 0.122191 0.263158 0.107444 0.256579
1 0.168539 0.255482 0.150983 0.233553 0.147472 0.233553 0.145365 0.239035 0.167135 0.297149 0.172753 0.351974 0.18118 0.354167 0.186798 0.324561 0.192416 0.314693 0.1875 0.292763 0.168539 0.255482
1 0.146067 0.339912 0.149579 0.351974 0.169242 0.367325 0.171348 0.359649 0.166433 0.343202 0.154494 0.330044 0.14677 0.327851 0.146067 0.339912
1 0.139747 0.0 0.139747 0.012061 0.148876 0.027412 0.151685 0.039474 0.148876 0.042763 0.148876 0.050439 0.139747 0.063596 0.136938 0.08443 0.116573 0.096491 0.111657 0.116228 0.102528 0.130482 0.102528 0.140351 0.120787 0.211623 0.134831 0.248904 0.136236 0.285088 0.142556 0.288377 0.144663 0.292763 0.142556 0.297149 0.147472 0.299342 0.154494 0.288377 0.153792 0.275219 0.155899 0.27193 0.154494 0.255482 0.136236 0.212719 0.13764 0.176535 0.140449 0.161184 0.15309 0.151316 0.16573 0.110746 0.16573 0.096491 0.155899 0.095395 0.154494 0.082237 0.16573 0.0625 0.164326 0.046053 0.170646 0.030702 0.167837 0.014254 0.176966 0.004386 0.177669 0.0 0.139747 0.0
1 0.40309 0.251096 0.403792 0.267544 0.419944 0.294956 0.435393 0.300439 0.4375 0.288377 0.426966 0.20943 0.417837 0.180921 0.411517 0.175439 0.40309 0.155702 0.384129 0.135965 0.35323 0.120614 0.337781 0.125 0.337781 0.138158 0.349719 0.151316 0.372893 0.149123 0.380618 0.154605 0.393961 0.174342 0.400281 0.201754 0.397472 0.234649 0.40309 0.251096
1 0.328886 0.0 0.336376 0.008772 0.344803 0.036184 0.344101 0.093202 0.357444 0.114035 0.376404 0.118421 0.379213 0.130482 0.382725 0.130482 0.385534 0.139254 0.392556 0.14364 0.393258 0.156798 0.402388 0.164474 0.403792 0.150219 0.398174 0.115132 0.391854 0.10307 0.390449 0.092105 0.38132 0.092105 0.377107 0.087719 0.375702 0.067982 0.365169 0.041667 0.365871 0.031798 0.358848 0.02193 0.355185 0.0 0.328886 0.0
1 0.366419 0.0 0.372191 0.054825 0.377809 0.060307 0.382725 0.086623 0.38764 0.089912 0.390449 0.08443 0.386236 0.032895 0.388343 0.008772 0.383661 0.0 0.366419 0.0
1 0.427669 0.260965 0.436096 0.279605 0.436096 0.301535 0.449438 0.343202 0.455056 0.350877 0.46559 0.35307 0.470506 0.337719 0.471208 0.321272 0.466994 0.300439 0.457163 0.274123 0.45014 0.234649 0.442416 0.221491 0.436798 0.198465 0.436798 0.176535 0.442416 0.151316 0.432584 0.126096 0.43118 0.098684 0.424157 0.097588 0.419944 0.109649 0.417837 0.130482 0.422753 0.150219 0.419944 0.155702 0.408708 0.155702 0.415028 0.161184 0.41573 0.179825 0.426966 0.230263 0.427669 0.260965
1 0.479635 0.458333 0.497893 0.48136 0.502809 0.501096 0.518258 0.526316 0.52177 0.547149 0.528792 0.555921 0.533006 0.555921 0.536517 0.547149 0.528792 0.539474 0.522472 0.517544 0.525281 0.509868 0.523174 0.503289 0.525983 0.492325 0.525281 0.474781 0.515449 0.462719 0.513343 0.408991 0.505618 0.401316 0.507022 0.39693 0.490169 0.368421 0.490169 0.324561 0.495084 0.317982 0.495787 0.308114 0.488062 0.29057 0.453652 0.262061 0.45014 0.25 0.446629 0.246711 0.4375 0.253289 0.439607 0.314693 0.448034 0.338816 0.460674 0.361842 0.463483 0.395833 0.472612 0.429825 0.469803 0.447368 0.471208 0.453947 0.479635 0.458333
1 0.443118 0.0 0.452247 0.014254 0.461376 0.039474 0.464888 0.065789 0.462781 0.080044 0.464185 0.109649 0.456461 0.126096 0.457163 0.135965 0.483848 0.154605 0.492978 0.186404 0.492275 0.216009 0.484551 0.239035 0.478933 0.243421 0.482444 0.277412 0.48736 0.288377 0.497191 0.276316 0.514045 0.203947 0.519663 0.194079 0.522472 0.164474 0.517556 0.134868 0.518258 0.108553 0.5 0.089912 0.488062 0.061404 0.485955 0.025219 0.493708 0.0 0.443118 0.0
1 0.551966 0.576754 0.557584 0.558114 0.551966 0.546053 0.543539 0.542763 0.538624 0.494518 0.542135 0.480263 0.560393 0.455044 0.556882 0.450658 0.549157 0.453947 0.536517 0.472588 0.528792 0.493421 0.530197 0.531798 0.533006 0.54057 0.538624 0.542763 0.533708 0.559211 0.53441 0.58114 0.544242 0.598684 0.551264 0.601974 0.551966 0.576754
1 0.538077 0.0 0.543539 0.007675 0.549157 0.032895 0.546348 0.052632 0.540028 0.067982 0.537921 0.085526 0.531601 0.104167 0.53441 0.140351 0.525281 0.174342 0.522472 0.196272 0.523174 0.20943 0.529494 0.23136 0.539326 0.225877 0.539326 0.20943 0.536517 0.201754 0.563202 0.091009 0.572223 0.0 0.538077 0.0
1 0.599017 0.466009 0.604635 0.45614 0.605337 0.442982 0.597612 0.395833 0.588483 0.373904 0.584972 0.354167 0.585674 0.243421 0.580758 0.244518 0.570225 0.258772 0.5625 0.257675 0.551264 0.245614 0.541433 0.230263 0.536517 0.211623 0.530197 0.207237 0.530197 0.246711 0.535815 0.264254 0.541433 0.27193 0.544944 0.29386 0.587079 0.441886 0.587781 0.455044 0.592697 0.463816 0.599017 0.466009
1 0.53441 0.406798 0.529494 0.41886 0.525281 0.417763 0.522472 0.423246 0.516152 0.451754 0.517556 0.475877 0.522472 0.48136 0.528792 0.5 0.552669 0.442982 0.560393 0.392544 0.560393 0.355263 0.542135 0.285088 0.52809 0.246711 0.525983 0.242325 0.517556 0.246711 0.519663 0.278509 0.515449 0.297149 0.537921 0.315789 0.542135 0.326754 0.544944 0.35307 0.541433 0.376096 0.535112 0.392544 0.53441 0.406798
1 0.667913 0.0 0.669242 0.015351 0.665028 0.035088 0.65941 0.042763 0.650281 0.067982 0.629916 0.092105 0.629213 0.107456 0.622893 0.118421 0.622191 0.126096 0.63132 0.154605 0.63764 0.157895 0.643258 0.14693 0.648876 0.122807 0.657303 0.110746 0.660112 0.088816 0.670646 0.060307 0.679073 0.047149 0.691398 0.0 0.667913 0.0
1 0.638215 0.0 0.639747 0.002193 0.643961 0.029605 0.643258 0.042763 0.633427 0.067982 0.633427 0.076754 0.639045 0.076754 0.645365 0.070175 0.653792 0.059211 0.656601 0.049342 0.658006 0.038377 0.65309 0.019737 0.65151 0.0 0.638215 0.0
1 0.575192 0.0 0.572331 0.035088 0.579354 0.098684 0.576545 0.135965 0.582163 0.148026 0.603933 0.162281 0.608848 0.158991 0.613062 0.144737 0.606039 0.130482 0.603933 0.10636 0.597612 0.097588 0.597612 0.085526 0.587781 0.051535 0.586376 0.028509 0.589888 0.007675 0.594452 0.0 0.575192 0.0
1 0.625702 0.189693 0.626404 0.182018 0.625 0.166667 0.611657 0.14693 0.607444 0.149123 0.603933 0.145833 0.593399 0.155702 0.59059 0.16557 0.593399 0.189693 0.589185 0.322368 0.609551 0.288377 0.615871 0.244518 0.623596 0.222588 0.619382 0.205044 0.620084 0.195175 0.625702 0.189693
1 0.63448 0.38432 0.624298 0.395833 0.622191 0.405702 0.629916 0.411184 0.641152 0.411184 0.646067 0.408991 0.653792 0.388158 0.660112 0.359649 0.658006 0.326754 0.654494 0.321272 0.650983 0.298246 0.655899 0.288377 0.656601 0.255482 0.652388 0.243421 0.646067 0.236842 0.636938 0.189693 0.642556 0.162281 0.656601 0.149123 0.65941 0.134868 0.657303 0.129386 0.649579 0.130482 0.63132 0.162281 0.627809 0.191886 0.629213 0.222588 0.635534 0.242325 0.634831 0.281798 0.629916 0.297149 0.642556 0.324561 0.641152 0.346491 0.643258 0.351974 0.63448 0.38432
1 0.615169 0.442982 0.629213 0.451754 0.658006 0.438596 0.666433 0.427632 0.680478 0.389254 0.684691 0.338816 0.693118 0.317982 0.702949 0.307018 0.720506 0.299342 0.728933 0.288377 0.724017 0.278509 0.710674 0.270833 0.688904 0.275219 0.686798 0.255482 0.682584 0.254386 0.678371 0.257675 0.644663 0.257675 0.63764 0.27193 0.632725 0.304825 0.644663 0.323465 0.647472 0.354167 0.639045 0.376096 0.629916 0.388158 0.607444 0.392544 0.610253 0.426535 0.615169 0.442982
1 0.626404 0.455044 0.619382 0.449561 0.607444 0.451754 0.598315 0.472588 0.60323 0.495614 0.602528 0.506579 0.599719 0.527412 0.587079 0.558114 0.591292 0.566886 0.607444 0.557018 0.614466 0.542763 0.626404 0.455044
1 0.635534 0.551535 0.622893 0.565789 0.599017 0.575658 0.596208 0.580044 0.596208 0.588816 0.600421 0.591009 0.636236 0.580044 0.648174 0.566886 0.645365 0.542763 0.63764 0.541667 0.635534 0.551535
1 0.634831 0.515351 0.634129 0.498904 0.630618 0.491228 0.625702 0.496711 0.626404 0.501096 0.614466 0.526316 0.608146 0.559211 0.594101 0.580044 0.593399 0.589912 0.600421 0.594298 0.616573 0.58443 0.627107 0.572368 0.623596 0.565789 0.623596 0.548246 0.632725 0.528509 0.634831 0.515351
1 0.727528 0.509868 0.72191 0.532895 0.705056 0.54386 0.683989 0.594298 0.684691 0.610746 0.695225 0.612939 0.707865 0.577851 0.72823 0.553728 0.738062 0.513158 0.735253 0.491228 0.725421 0.502193 0.727528 0.509868
1 0.76264 0.378289 0.757725 0.367325 0.75 0.367325 0.742978 0.385965 0.739466 0.410088 0.726826 0.41557 0.714888 0.446272 0.707865 0.471491 0.70014 0.52193 0.700843 0.551535 0.683989 0.594298 0.683287 0.604167 0.686798 0.612939 0.697331 0.604167 0.712781 0.542763 0.731039 0.448465 0.750702 0.426535 0.754916 0.401316 0.76264 0.378289
1 0.780197 0.354167 0.785815 0.33114 0.794242 0.313596 0.820225 0.299342 0.837781 0.299342 0.844101 0.291667 0.843399 0.267544 0.847612 0.256579 0.847612 0.247807 0.841292 0.242325 0.828652 0.244518 0.813202 0.264254 0.798455 0.274123 0.783708 0.26864 0.777388 0.279605 0.764045 0.280702 0.753511 0.287281 0.745787 0.304825 0.744382 0.3125 0.751404 0.345395 0.751404 0.355263 0.748596 0.359649 0.75 0.376096 0.777388 0.371711 0.781601 0.368421 0.780197 0.354167
1 0.650983 0.623904 0.650983 0.645833 0.654494 0.656798 0.660112 0.658991 0.672051 0.64693 0.672051 0.628289 0.667837 0.615132 0.656601 0.615132 0.650983 0.623904
1 0.61868 0.611842 0.634129 0.614035 0.633427 0.607456 0.626404 0.596491 0.615871 0.600877 0.613062 0.605263 0.61868 0.611842
1 0.670646 0.588816 0.667135 0.58443 0.660112 0.592105 0.65941 0.600877 0.667837 0.60636 0.670646 0.588816
1 0.545646 0.934211 0.548455 0.940789 0.556882 0.9375 0.558287 0.929825 0.553371 0.91886 0.548455 0.91886 0.546348 0.924342 0.545646 0.934211
1 0.543539 0.888158 0.546348 0.911184 0.544944 0.929825 0.548455 0.939693 0.552669 0.940789 0.558989 0.929825 0.545646 0.888158 0.543539 0.888158
1 0.63764 0.891447 0.629213 0.900219 0.626404 0.913377 0.639747 0.91886 0.651685 0.934211 0.660112 0.932018 0.664326 0.923246 0.661517 0.905702 0.649579 0.889254 0.63764 0.891447
1 0.583567 0.905702 0.58427 0.917763 0.592697 0.925439 0.606742 0.923246 0.611657 0.913377 0.608848 0.889254 0.604635 0.883772 0.59059 0.891447 0.583567 0.905702
1 0.581461 0.929825 0.584972 0.942982 0.59059 0.948465 0.596208 0.946272 0.600421 0.930921 0.591292 0.923246 0.584972 0.924342 0.581461 0.929825
1 0.638343 0.767544 0.629213 0.767544 0.61868 0.777412 0.611657 0.789474 0.602528 0.817982 0.601124 0.832237 0.603933 0.838816 0.610253 0.839912 0.615871 0.835526 0.620084 0.821272 0.617978 0.803728 0.636938 0.783991 0.638343 0.767544
1 0.757725 0.910088 0.766152 0.900219 0.765449 0.884868 0.760534 0.876096 0.740871 0.859649 0.716994 0.848684 0.717697 0.836623 0.712079 0.826754 0.702247 0.828947 0.684691 0.866228 0.670646 0.873904 0.652388 0.891447 0.681882 0.928728 0.690309 0.927632 0.700843 0.91557 0.716994 0.906798 0.731039 0.91886 0.73736 0.91886 0.745787 0.906798 0.757725 0.910088
1 0.696629 0.725877 0.684691 0.736842 0.670646 0.737939 0.657303 0.759868 0.658708 0.76864 0.6875 0.775219 0.698034 0.791667 0.706461 0.788377 0.707865 0.762061 0.705758 0.73136 0.702949 0.725877 0.696629 0.725877
1 0.683287 0.692982 0.668539 0.688596 0.660815 0.70943 0.660112 0.718202 0.667837 0.726974 0.694522 0.719298 0.702949 0.70943 0.701545 0.697368 0.694522 0.686404 0.684691 0.688596 0.683287 0.692982
1 0.655899 0.739035 0.658006 0.729167 0.644663 0.732456 0.638343 0.742325 0.648876 0.746711 0.655899 0.739035
1 0.77809 0.596491 0.751404 0.595395 0.738764 0.589912 0.730337 0.597588 0.725421 0.605263 0.742275 0.621711 0.748596 0.618421 0.773876 0.622807 0.780899 0.618421 0.783708 0.610746 0.783006 0.600877 0.77809 0.596491
1 0.724719 0.596491 0.742978 0.58443 0.744382 0.572368 0.727528 0.5625 0.701545 0.588816 0.700843 0.598684 0.724719 0.596491
1 0.809691 0.609649 0.825843 0.609649 0.825843 0.600877 0.821629 0.593202 0.806882 0.597588 0.80618 0.605263 0.809691 0.609649
1 0.836376 0.598684 0.84059 0.589912 0.84059 0.575658 0.836376 0.571272 0.831461 0.578947 0.831461 0.596491 0.836376 0.598684
1 0.80618 0.582237 0.802669 0.572368 0.794242 0.576754 0.794944 0.586623 0.802669 0.587719 0.80618 0.582237
1 0.636938 0.849781 0.621489 0.876096 0.620787 0.892544 0.626404 0.898026 0.64677 0.884868 0.656601 0.871711 0.651685 0.862939 0.643961 0.860746 0.640449 0.849781 0.636938 0.849781
1 0.608146 0.848684 0.608146 0.859649 0.611657 0.865132 0.622893 0.869518 0.627809 0.867325 0.63132 0.859649 0.629213 0.850877 0.61868 0.841009 0.608146 0.848684
1 0.983848 0.875 0.978933 0.873904 0.974719 0.879386 0.977528 0.89364 0.984551 0.891447 0.983848 0.875
1 0.917135 0.782895 0.920646 0.79057 0.926966 0.79057 0.930478 0.785088 0.927669 0.769737 0.919944 0.769737 0.917135 0.774123 0.917135 0.782895
1 0.832163 0.844298 0.829354 0.850877 0.830758 0.862939 0.836376 0.869518 0.842697 0.866228 0.844803 0.859649 0.841292 0.848684 0.837079 0.843202 0.832163 0.844298
1 0.880618 0.713816 0.884831 0.720395 0.890449 0.720395 0.893961 0.713816 0.891854 0.700658 0.886938 0.699561 0.88132 0.70614 0.880618 0.713816
1 0.98736 0.567982 0.992275 0.552632 0.990169 0.547149 0.985955 0.547149 0.979635 0.555921 0.979635 0.563596 0.98736 0.567982
1 0.870787 0.452851 0.886236 0.467105 0.892556 0.48136 0.896067 0.5 0.904494 0.514254 0.918539 0.513158 0.922753 0.506579 0.923455 0.494518 0.914326 0.45943 0.902388 0.450658 0.900281 0.438596 0.889747 0.432018 0.874298 0.433114 0.850421 0.447368 0.831461 0.480263 0.818118 0.489035 0.80618 0.491228 0.798455 0.509868 0.797753 0.537281 0.809691 0.535088 0.832865 0.52193 0.835674 0.513158 0.834972 0.5 0.843399 0.476974 0.865871 0.452851 0.870787 0.452851
1 0.742275 0.509868 0.736657 0.503289 0.739466 0.487939 0.749298 0.469298 0.759129 0.458333 0.776685 0.451754 0.787921 0.463816 0.797051 0.466009 0.805478 0.45943 0.802669 0.457237 0.803371 0.451754 0.809691 0.442982 0.843399 0.444079 0.848315 0.438596 0.867275 0.438596 0.872191 0.432018 0.889045 0.434211 0.897472 0.422149 0.896067 0.413377 0.893961 0.408991 0.885534 0.410088 0.884129 0.414474 0.872191 0.413377 0.849719 0.401316 0.846208 0.387061 0.84059 0.385965 0.817416 0.394737 0.813904 0.39693 0.813904 0.402412 0.800562 0.408991 0.766152 0.405702 0.759129 0.429825 0.748596 0.439693 0.742275 0.439693 0.740169 0.447368 0.727528 0.458333 0.719101 0.471491 0.711376 0.475877 0.711376 0.491228 0.707865 0.503289 0.710674 0.539474 0.708567 0.54386 0.705056 0.542763 0.699438 0.563596 0.684691 0.593202 0.683287 0.600877 0.6875 0.610746 0.699438 0.604167 0.707865 0.576754 0.72823 0.551535 0.733146 0.531798 0.740871 0.52193 0.742275 0.509868
1 1.0 0.429825 0.983146 0.403509 0.957163 0.385965 0.952949 0.362939 0.945225 0.365132 0.941713 0.376096 0.934691 0.383772 0.903792 0.39693 0.875 0.425439 0.877107 0.433114 0.894663 0.434211 0.92486 0.448465 0.954354 0.432018 0.988062 0.458333 0.998596 0.472588 1.0 0.472787 1.0 0.429825
1 0.856039 0.380482 0.884129 0.359649 0.883427 0.330044 0.896067 0.313596 0.902388 0.297149 0.906601 0.294956 0.925562 0.296053 0.931882 0.300439 0.938904 0.313596 0.944522 0.343202 0.948034 0.351974 0.95014 0.350877 0.952247 0.343202 0.950843 0.33114 0.955758 0.311404 0.952949 0.300439 0.945927 0.291667 0.930478 0.279605 0.905899 0.276316 0.891152 0.292763 0.875702 0.324561 0.865871 0.35307 0.86236 0.350877 0.847612 0.361842 0.823736 0.392544 0.836376 0.39693 0.847612 0.391447 0.856039 0.380482
1 0.84691 0.35636 0.854635 0.357456 0.860955 0.343202 0.860253 0.335526 0.858146 0.330044 0.850421 0.330044 0.847612 0.33443 0.84691 0.35636
1 0.915028 0.192982 0.90309 0.185307 0.899579 0.214912 0.890449 0.226974 0.877107 0.240132 0.85323 0.251096 0.839185 0.267544 0.837079 0.27193 0.839888 0.276316 0.865871 0.274123 0.91573 0.252193 0.927669 0.255482 0.934691 0.230263 0.913624 0.20614 0.915028 0.192982
1 1.0 0.091431 0.997191 0.092105 0.979635 0.10636 0.974017 0.097588 0.974017 0.086623 0.964888 0.086623 0.941713 0.125 0.925562 0.144737 0.91573 0.184211 0.914326 0.194079 0.918539 0.198465 0.929775 0.192982 0.948736 0.149123 0.962781 0.141447 0.983146 0.14364 0.992978 0.138158 1.0 0.138158 1.0 0.091431
1 1.0 0.19693 0.995787 0.199561 0.990169 0.220395 0.981039 0.23136 0.957163 0.236842 0.945225 0.224781 0.941011 0.224781 0.941011 0.230263 0.93118 0.243421 0.928371 0.254386 0.94382 0.277412 0.953652 0.276316 0.95927 0.269737 0.986657 0.26864 1.0 0.276825 1.0 0.19693
1 0.868349 0.0 0.849017 0.028509 0.847612 0.047149 0.833567 0.08443 0.837781 0.093202 0.849017 0.091009 0.878511 0.038377 0.88764 0.009868 0.897331 0.0 0.868349 0.0
1 0.866485 0.0 0.851124 0.027412 0.849719 0.049342 0.841292 0.071272 0.842697 0.088816 0.825843 0.130482 0.819522 0.135965 0.805478 0.173246 0.799157 0.20943 0.789326 0.22807 0.783708 0.232456 0.749298 0.247807 0.729635 0.27193 0.730337 0.280702 0.801966 0.239035 0.829354 0.205044 0.827949 0.197368 0.820225 0.198465 0.816011 0.189693 0.827247 0.16557 0.832865 0.161184 0.876404 0.088816 0.872893 0.055921 0.884831 0.019737 0.886236 0.007675 0.890918 0.0 0.866485 0.0
1 0.929775 0.111842 0.932584 0.105263 0.930478 0.097588 0.945225 0.069079 0.945225 0.041667 0.926264 0.0625 0.923455 0.074561 0.90309 0.086623 0.893258 0.098684 0.872191 0.10307 0.869382 0.095395 0.873596 0.088816 0.870787 0.08443 0.863062 0.087719 0.860253 0.098684 0.850421 0.105263 0.832163 0.134868 0.830758 0.138158 0.837781 0.145833 0.837079 0.150219 0.830758 0.16886 0.82514 0.167763 0.824438 0.172149 0.824438 0.192982 0.832865 0.196272 0.837079 0.177632 0.851826 0.151316 0.864466 0.144737 0.885534 0.14364 0.900983 0.127193 0.929775 0.111842
1 0.747742 0.0 0.75 0.01864 0.749298 0.039474 0.745084 0.063596 0.738062 0.078947 0.733146 0.120614 0.722612 0.151316 0.719803 0.185307 0.721208 0.198465 0.714185 0.217105 0.711376 0.218202 0.709972 0.232456 0.705056 0.234649 0.700843 0.243421 0.705056 0.248904 0.716994 0.242325 0.728933 0.225877 0.735253 0.202851 0.73736 0.177632 0.742978 0.163377 0.764045 0.141447 0.772472 0.121711 0.773174 0.095395 0.780899 0.067982 0.780197 0.04057 0.788624 0.005482 0.791633 0.0 0.747742 0.0
1 0.686798 0.263158 0.691011 0.260965 0.691011 0.255482 0.71559 0.237939 0.712781 0.225877 0.714185 0.201754 0.721208 0.1875 0.731742 0.148026 0.726124 0.125 0.726826 0.104167 0.724719 0.097588 0.70927 0.08114 0.702247 0.08114 0.701545 0.088816 0.707865 0.105263 0.705056 0.109649 0.706461 0.120614 0.694522 0.144737 0.688904 0.141447 0.684691 0.14693 0.686096 0.155702 0.69382 0.157895 0.698736 0.164474 0.702247 0.191886 0.699438 0.213816 0.682584 0.25 0.682584 0.258772 0.686798 0.263158
1 0.279494 0.549342 0.270365 0.550439 0.267556 0.554825 0.258427 0.548246 0.25632 0.541667 0.251404 0.541667 0.250702 0.547149 0.254916 0.557018 0.292837 0.565789 0.297051 0.5625 0.301966 0.549342 0.302669 0.528509 0.308989 0.508772 0.308287 0.475877 0.305478 0.466009 0.311096 0.447368 0.311798 0.422149 0.301966 0.422149 0.294242 0.453947 0.280899 0.455044 0.286517 0.463816 0.29073 0.487939 0.288624 0.505482 0.291433 0.506579 0.292837 0.516447 0.289326 0.520833 0.287219 0.539474 0.279494 0.549342
1 0.179073 0.365132 0.173455 0.375 0.170646 0.39693 0.173455 0.406798 0.182584 0.410088 0.202247 0.405702 0.200843 0.39364 0.194522 0.388158 0.184691 0.366228 0.179073 0.365132
1 0.204354 0.404605 0.199438 0.417763 0.202949 0.428728 0.214185 0.424342 0.218399 0.408991 0.22191 0.405702 0.219803 0.401316 0.212781 0.400219 0.204354 0.404605