1 0.963194 0.440476 0.954861 0.411255 0.952083 0.409091 0.945139 0.408009 0.943056 0.411255 0.940972 0.433983 0.933333 0.44697 0.915278 0.450216 0.902083 0.444805 0.898611 0.433983 0.897222 0.411255 0.885417 0.406926 0.851389 0.497835 0.841667 0.554113 0.840278 0.583333 0.848611 0.564935 0.852778 0.564935 0.855556 0.559524 0.851389 0.555195 0.854167 0.549784 0.860417 0.549784 0.870139 0.542208 0.867361 0.538961 0.865278 0.520563 0.879167 0.487013 0.893056 0.482684 0.909028 0.489177 0.913194 0.483766 0.922222 0.481602 0.934028 0.485931 0.960417 0.482684 0.969444 0.489177 0.978472 0.472944 0.978472 0.465368 0.963194 0.440476
1 0.976389 0.496753 0.965972 0.530303 0.940972 0.556277 0.928472 0.559524 0.922222 0.556277 0.90625 0.570346 0.9 0.571429 0.896528 0.594156 0.884722 0.62013 0.884028 0.633117 0.886111 0.636364 0.904861 0.635281 0.902083 0.616883 0.906944 0.600649 0.916667 0.585498 0.931944 0.591991 0.934028 0.603896 0.936806 0.600649 0.938194 0.603896 0.939583 0.590909 0.965278 0.575758 0.967361 0.5671 0.971528 0.5671 0.975 0.545455 0.983333 0.537879 0.990278 0.516234 0.990972 0.502165 0.988194 0.497835 0.976389 0.496753
1 0.848611 0.277056 0.84375 0.284632 0.84375 0.29329 0.849306 0.300866 0.853472 0.299784 0.856944 0.295455 0.85625 0.286797 0.848611 0.277056
1 0.860417 0.300866 0.852778 0.304113 0.852778 0.335498 0.856944 0.33658 0.860417 0.331169 0.865278 0.316017 0.864583 0.305195 0.860417 0.300866
1 0.893056 0.252165 0.882639 0.254329 0.875694 0.269481 0.877083 0.28355 0.89375 0.286797 0.896528 0.278139 0.896528 0.258658 0.893056 0.252165
1 0.809722 0.261905 0.804861 0.265152 0.79375 0.260823 0.7875 0.262987 0.776389 0.286797 0.781944 0.321429 0.776389 0.343074 0.760417 0.371212 0.741667 0.37013 0.746528 0.377706 0.754167 0.411255 0.753472 0.424242 0.740278 0.457792 0.740278 0.468615 0.743056 0.474026 0.753472 0.471861 0.759722 0.464286 0.777778 0.40368 0.788889 0.37987 0.802778 0.312771 0.821528 0.285714 0.813889 0.266234 0.809722 0.261905
1 0.751389 0.233766 0.745139 0.242424 0.746528 0.244589 0.740972 0.258658 0.7375 0.258658 0.736111 0.292208 0.734028 0.295455 0.727083 0.29329 0.723611 0.281385 0.717361 0.27381 0.715278 0.25974 0.709722 0.248918 0.713194 0.239177 0.710417 0.230519 0.704861 0.230519 0.699306 0.248918 0.703472 0.278139 0.718056 0.294372 0.740278 0.378788 0.747917 0.387446 0.754861 0.385281 0.755556 0.388528 0.757639 0.387446 0.757639 0.377706 0.752778 0.374459 0.74375 0.319264 0.744444 0.304113 0.752083 0.275974 0.761806 0.262987 0.760417 0.238095 0.751389 0.233766
1 0.734375 0.442641 0.720833 0.426407 0.717361 0.426407 0.718056 0.443723 0.722917 0.449134 0.741667 0.452381 0.750694 0.445887 0.749306 0.442641 0.734375 0.442641
1 0.7125 0.424242 0.709722 0.425325 0.711806 0.438312 0.719444 0.444805 0.716667 0.430736 0.7125 0.424242
1 0.711806 0.358225 0.709722 0.361472 0.711806 0.380952 0.715278 0.374459 0.714583 0.36039 0.711806 0.358225
1 0.706944 0.38961 0.705556 0.380952 0.697917 0.371212 0.695833 0.353896 0.693056 0.350649 0.686806 0.351732 0.683333 0.361472 0.673611 0.369048 0.711111 0.422078 0.715972 0.399351 0.714583 0.393939 0.706944 0.38961
1 0.684722 0.468615 0.670833 0.477273 0.665972 0.507576 0.6625 0.511905 0.6625 0.521645 0.670139 0.542208 0.676389 0.573593 0.689583 0.593074 0.695139 0.588745 0.695833 0.575758 0.690972 0.562771 0.688889 0.534632 0.683333 0.521645 0.683333 0.507576 0.691667 0.485931 0.692361 0.47619 0.684722 0.468615
1 0.693056 0.598485 0.690278 0.599567 0.6875 0.62013 0.689583 0.634199 0.697917 0.619048 0.697222 0.606061 0.693056 0.598485
1 0.659722 0.518398 0.65625 0.520563 0.644444 0.542208 0.635417 0.537879 0.634028 0.530303 0.629167 0.530303 0.624306 0.52381 0.620139 0.530303 0.640972 0.656926 0.645833 0.669913 0.654861 0.679654 0.661806 0.701299 0.663889 0.719697 0.675 0.691558 0.677778 0.666667 0.668056 0.640693 0.657118 0.541937 0.661111 0.534632 0.661111 0.524892 0.659722 0.518398
1 0.906944 0.839827 0.875 0.812771 0.863194 0.830087 0.853472 0.83658 0.829167 0.833333 0.807639 0.84632 0.797222 0.841991 0.79375 0.845238 0.782639 0.844156 0.775 0.850649 0.789583 0.867965 0.800694 0.872294 0.827083 0.87013 0.840972 0.882035 0.845833 0.882035 0.850694 0.872294 0.868056 0.863636 0.885417 0.864719 0.894444 0.872294 0.909722 0.867965 0.919444 0.872294 0.926389 0.861472 0.926389 0.838745 0.922222 0.835498 0.906944 0.839827
1 0.794444 0.937229 0.774306 0.937229 0.768056 0.926407 0.74375 0.925325 0.736111 0.931818 0.738194 0.933983 0.736806 0.945887 0.71875 0.952381 0.709722 0.97619 0.711806 0.981602 0.718056 0.971861 0.733333 0.963203 0.752083 0.983766 0.761806 0.972944 0.788889 0.961039 0.8125 0.970779 0.818056 0.964286 0.816667 0.953463 0.794444 0.937229
1 0.642943 1.0 0.655556 0.974026 0.670139 0.962121 0.679861 0.963203 0.697222 0.950216 0.711806 0.94697 0.727083 0.955628 0.733333 0.948052 0.738889 0.948052 0.740972 0.954545 0.753472 0.949134 0.763889 0.951299 0.76875 0.945887 0.769444 0.930736 0.734722 0.919913 0.700694 0.928571 0.690278 0.920996 0.688194 0.927489 0.680556 0.926407 0.678472 0.915584 0.652083 0.920996 0.645833 0.931818 0.629167 0.940476 0.625694 0.949134 0.627083 0.965368 0.631944 0.975108 0.628923 1.0 0.642943 1.0
1 0.608333 0.664502 0.596528 0.676407 0.584722 0.67316 0.570139 0.690476 0.556944 0.690476 0.55625 0.707792 0.565972 0.733766 0.559722 0.762987 0.571528 0.787879 0.577083 0.812771 0.574306 0.825758 0.575694 0.843074 0.572222 0.854978 0.574306 0.865801 0.593056 0.873377 0.595833 0.869048 0.596528 0.834416 0.604167 0.824675 0.605556 0.808442 0.593056 0.791126 0.602778 0.775974 0.613194 0.769481 0.603472 0.75974 0.601389 0.746753 0.609722 0.732684 0.609722 0.725108 0.616667 0.725108 0.615278 0.690476 0.608333 0.664502
1 0.638889 0.22619 0.630556 0.230519 0.593056 0.343074 0.577778 0.351732 0.576389 0.36039 0.599306 0.36039 0.617361 0.340909 0.624306 0.304113 0.6375 0.286797 0.647917 0.282468 0.660417 0.258658 0.659028 0.252165 0.653472 0.248918 0.648611 0.229437 0.638889 0.22619
1 0.575 0.205628 0.570139 0.209957 0.570139 0.233766 0.565972 0.258658 0.545139 0.280303 0.539583 0.291126 0.536806 0.318723 0.525694 0.361472 0.527083 0.371212 0.530556 0.372294 0.54375 0.359307 0.546528 0.339827 0.556944 0.325758 0.564583 0.301948 0.581944 0.287879 0.59375 0.290043 0.597917 0.284632 0.598611 0.278139 0.59375 0.271645 0.59375 0.261905 0.601389 0.257576 0.602083 0.253247 0.586806 0.24026 0.589583 0.207792 0.575 0.205628
1 0.617361 0.146104 0.602083 0.146104 0.599306 0.160173 0.602083 0.170996 0.618056 0.177489 0.622917 0.175325 0.622917 0.151515 0.617361 0.146104
1 0.610417 0.061688 0.601389 0.059524 0.596528 0.074675 0.607639 0.097403 0.611111 0.119048 0.61875 0.12013 0.616667 0.109307 0.619444 0.090909 0.613889 0.069264 0.610417 0.061688
1 0.564103 0.0 0.570833 0.019481 0.590278 0.021645 0.597853 0.0 0.564103 0.0
1 0.561806 0.055195 0.55 0.071429 0.533333 0.080087 0.533333 0.091991 0.542361 0.112554 0.547917 0.112554 0.557639 0.099567 0.559028 0.084416 0.568056 0.070346 0.567361 0.059524 0.561806 0.055195
1 0.507639 0.051948 0.501389 0.051948 0.485417 0.063853 0.479861 0.094156 0.484028 0.098485 0.497917 0.095238 0.504861 0.082251 0.5125 0.075758 0.513194 0.058442 0.507639 0.051948
1 0.415972 0.058442 0.417361 0.094156 0.413889 0.098485 0.41875 0.102814 0.431944 0.100649 0.441667 0.071429 0.440972 0.064935 0.415972 0.058442
1 0.386806 0.051948 0.381944 0.046537 0.372917 0.068182 0.367361 0.0671 0.360417 0.057359 0.35625 0.057359 0.354167 0.066017 0.365972 0.083333 0.378472 0.091991 0.388889 0.079004 0.390278 0.063853 0.386806 0.051948
1 0.46875 0.176407 0.453472 0.179654 0.445139 0.17316 0.432639 0.183983 0.445833 0.209957 0.445833 0.22619 0.439583 0.244589 0.424306 0.25974 0.420833 0.279221 0.422222 0.297619 0.415972 0.304113 0.415972 0.347403 0.419444 0.349567 0.423611 0.345238 0.430556 0.329004 0.436806 0.299784 0.451389 0.280303 0.447917 0.266234 0.449306 0.258658 0.467361 0.209957 0.476389 0.19697 0.475694 0.1829 0.46875 0.176407
1 0.420833 0.160173 0.415972 0.15368 0.391667 0.158009 0.383333 0.151515 0.375694 0.135281 0.368056 0.136364 0.366667 0.143939 0.370833 0.156926 0.379167 0.167749 0.373611 0.186147 0.383333 0.208874 0.381944 0.234848 0.384722 0.256494 0.391667 0.260823 0.397222 0.25 0.409028 0.262987 0.411111 0.277056 0.415278 0.264069 0.420833 0.266234 0.425 0.262987 0.425 0.255411 0.4125 0.243506 0.409722 0.230519 0.403472 0.221861 0.410417 0.199134 0.422222 0.180736 0.422917 0.172078 0.420833 0.160173
1 0.377083 0.264069 0.35625 0.260823 0.341667 0.219697 0.345833 0.193723 0.34375 0.180736 0.334722 0.164502 0.325 0.164502 0.329167 0.1829 0.317361 0.19697 0.324306 0.215368 0.333333 0.22619 0.3375 0.258658 0.342361 0.27381 0.342361 0.287879 0.353472 0.311688 0.353472 0.321429 0.348611 0.329004 0.347917 0.339827 0.336111 0.354978 0.336806 0.363636 0.33125 0.380952 0.334722 0.387446 0.35 0.386364 0.35625 0.377706 0.361111 0.362554 0.372222 0.353896 0.374306 0.307359 0.379861 0.294372 0.390278 0.28355 0.390278 0.258658 0.377083 0.264069
1 0.320139 0.229437 0.315278 0.232684 0.3125 0.258658 0.306944 0.265152 0.304167 0.256494 0.2875 0.238095 0.284722 0.22619 0.285417 0.204545 0.290972 0.183983 0.296528 0.179654 0.302083 0.167749 0.300694 0.152597 0.295139 0.15368 0.290972 0.160173 0.290972 0.168831 0.280556 0.17316 0.279167 0.168831 0.270139 0.168831 0.261806 0.174242 0.25 0.151515 0.245139 0.155844 0.244444 0.165584 0.247917 0.177489 0.265972 0.219697 0.274306 0.261905 0.275 0.279221 0.290972 0.301948 0.298611 0.324675 0.293056 0.340909 0.283333 0.353896 0.281944 0.361472 0.286111 0.369048 0.285417 0.373377 0.301736 0.37987 0.321528 0.395022 0.325694 0.404762 0.328472 0.404762 0.335417 0.395022 0.332639 0.372294 0.329167 0.358225 0.316667 0.340909 0.3125 0.324675 0.313889 0.30303 0.323611 0.274892 0.323611 0.238095 0.320139 0.229437
1 0.523611 0.233766 0.519444 0.230519 0.516667 0.242424 0.508333 0.247835 0.504861 0.244589 0.499306 0.251082 0.490972 0.275974 0.470833 0.269481 0.463889 0.271645 0.461806 0.280303 0.473611 0.299784 0.477083 0.318182 0.463889 0.350649 0.459722 0.353896 0.455556 0.348485 0.452778 0.359307 0.440972 0.366883 0.439583 0.387446 0.445139 0.401515 0.445139 0.414502 0.438889 0.437229 0.431944 0.445887 0.421528 0.471861 0.426389 0.483766 0.430556 0.485931 0.441667 0.481602 0.452778 0.463203 0.450694 0.458874 0.453472 0.442641 0.459722 0.435065 0.469444 0.40368 0.495139 0.363636 0.493056 0.345238 0.503472 0.305195 0.522222 0.280303 0.528472 0.255411 0.523611 0.233766
1 0.522917 0.209957 0.515972 0.209957 0.513194 0.213203 0.513194 0.22619 0.51875 0.232684 0.526389 0.232684 0.529861 0.22619 0.528472 0.21645 0.522917 0.209957
1 0.411806 0.454545 0.404861 0.455628 0.402083 0.468615 0.409722 0.496753 0.410417 0.522727 0.401389 0.537879 0.381944 0.546537 0.3875 0.566017 0.385417 0.575758 0.390972 0.599567 0.393056 0.63961 0.395833 0.649351 0.407639 0.666667 0.415972 0.658009 0.417361 0.642857 0.411806 0.637446 0.410417 0.599567 0.425 0.571429 0.425694 0.557359 0.434028 0.531385 0.434722 0.502165 0.445833 0.484848 0.447917 0.47619 0.411806 0.454545
1 0.586806 0.440476 0.589583 0.417749 0.585417 0.416667 0.577083 0.425325 0.572917 0.437229 0.5625 0.444805 0.553472 0.470779 0.540278 0.484848 0.536806 0.496753 0.5375 0.510823 0.527083 0.545455 0.505556 0.58658 0.504861 0.621212 0.498611 0.652597 0.488889 0.674242 0.489583 0.691558 0.500694 0.686147 0.50625 0.670996 0.524306 0.655844 0.533333 0.640693 0.534028 0.633117 0.529861 0.623377 0.536111 0.598485 0.543056 0.593074 0.541667 0.585498 0.545139 0.583333 0.554167 0.588745 0.559028 0.583333 0.565278 0.583333 0.568056 0.57684 0.567361 0.564935 0.565278 0.557359 0.559028 0.551948 0.560417 0.516234 0.563889 0.497835 0.577083 0.487013 0.597222 0.489177 0.598611 0.46645 0.586806 0.440476
1 0.572917 0.260823 0.563889 0.261905 0.540278 0.287879 0.536806 0.311688 0.519444 0.373377 0.50625 0.397186 0.502083 0.452381 0.511806 0.457792 0.518056 0.452381 0.528472 0.436147 0.529167 0.411255 0.536111 0.393939 0.542361 0.386364 0.550694 0.387446 0.556944 0.383117 0.557639 0.374459 0.55 0.37013 0.546528 0.36039 0.547917 0.34632 0.558333 0.321429 0.563194 0.298701 0.575 0.284632 0.575694 0.264069 0.572917 0.260823
1 0.509722 0.455628 0.500694 0.448052 0.49375 0.458874 0.484028 0.464286 0.474306 0.484848 0.472222 0.524892 0.464583 0.545455 0.450694 0.556277 0.441667 0.556277 0.436806 0.560606 0.434028 0.581169 0.434722 0.587662 0.439583 0.590909 0.441667 0.61039 0.434028 0.638528 0.427778 0.649351 0.426389 0.678571 0.439583 0.675325 0.445833 0.660173 0.454167 0.650433 0.457639 0.626623 0.46875 0.589827 0.484028 0.568182 0.489583 0.55303 0.491667 0.516234 0.495139 0.503247 0.506944 0.481602 0.513194 0.47619 0.5125 0.464286 0.509722 0.455628
1 0.792361 0.493506 0.784722 0.492424 0.782639 0.497835 0.784028 0.519481 0.774306 0.544372 0.761806 0.548701 0.752083 0.542208 0.747222 0.550866 0.745139 0.574675 0.752083 0.598485 0.752778 0.613636 0.720833 0.679654 0.715278 0.677489 0.720139 0.689394 0.720833 0.719697 0.715278 0.738095 0.719444 0.74026 0.722917 0.737013 0.739583 0.713203 0.752778 0.678571 0.772222 0.666667 0.772222 0.611472 0.779861 0.572511 0.792361 0.559524 0.788194 0.550866 0.79375 0.54329 0.793056 0.508658 0.792361 0.493506
1 0.706944 0.743506 0.695833 0.765152 0.693056 0.810606 0.684028 0.83658 0.678472 0.837662 0.676389 0.850649 0.678472 0.853896 0.697917 0.840909 0.709028 0.822511 0.713889 0.762987 0.720833 0.731602 0.706944 0.743506
1 0.829167 0.412338 0.824306 0.410173 0.818056 0.414502 0.814583 0.44697 0.785417 0.550866 0.785417 0.559524 0.788889 0.562771 0.805556 0.531385 0.813194 0.493506 0.833333 0.479437 0.840278 0.469697 0.840972 0.464286 0.829167 0.449134 0.830556 0.417749 0.829167 0.412338
1 0.794444 0.454545 0.781944 0.44697 0.775694 0.451299 0.772917 0.459957 0.775 0.478355 0.783333 0.493506 0.786111 0.512987 0.790278 0.505411 0.793056 0.489177 0.815278 0.459957 0.819444 0.448052 0.815972 0.443723 0.794444 0.454545
1 0.830556 0.57684 0.816667 0.600649 0.816667 0.621212 0.805556 0.650433 0.796528 0.662338 0.777778 0.722944 0.763889 0.735931 0.748611 0.728355 0.741667 0.731602 0.729167 0.752165 0.722917 0.752165 0.717361 0.765152 0.710417 0.770563 0.707639 0.767316 0.70625 0.785714 0.711111 0.792208 0.711111 0.797619 0.725694 0.775974 0.752083 0.772727 0.79375 0.739177 0.802083 0.724026 0.804167 0.70671 0.810417 0.688312 0.820139 0.674242 0.817361 0.668831 0.819444 0.658009 0.817361 0.655844 0.820833 0.642857 0.83125 0.625541 0.829861 0.612554 0.836111 0.593074 0.835417 0.580087 0.830556 0.57684
1 1.0 0.632684 0.99375 0.638528 0.982639 0.640693 0.968056 0.628788 0.951389 0.635281 0.949306 0.626623 0.950694 0.615801 0.956944 0.609307 0.952778 0.603896 0.947917 0.607143 0.947222 0.617965 0.934028 0.625541 0.930556 0.635281 0.922917 0.63961 0.900694 0.635281 0.893056 0.62013 0.874306 0.624459 0.870833 0.635281 0.853472 0.646104 0.830556 0.640693 0.827778 0.645022 0.808333 0.649351 0.808333 0.655844 0.797222 0.670996 0.795833 0.687229 0.804861 0.693723 0.818056 0.679654 0.827083 0.675325 0.853472 0.685065 0.884028 0.672078 0.925694 0.678571 0.95 0.670996 0.975 0.693723 0.981944 0.693723 0.990972 0.679654 1.0 0.675746 1.0 0.632684
1 0.766667 0.847403 0.754861 0.853896 0.741667 0.867965 0.727778 0.874459 0.715278 0.874459 0.711111 0.883117 0.716667 0.887446 0.715278 0.905844 0.704167 0.92316 0.698611 0.924242 0.690278 0.91342 0.690972 0.933983 0.699306 0.9329 0.704167 0.938312 0.711806 0.938312 0.750694 0.920996 0.747222 0.919913 0.74375 0.906926 0.745833 0.891775 0.752778 0.880952 0.7625 0.874459 0.775694 0.877706 0.775 0.884199 0.778472 0.888528 0.781944 0.885281 0.783333 0.871212 0.780556 0.854978 0.766667 0.847403
1 0.722222 0.440476 0.713889 0.438312 0.711806 0.443723 0.714583 0.461039 0.711806 0.477273 0.726389 0.502165 0.73125 0.497835 0.736111 0.484848 0.738194 0.468615 0.734028 0.461039 0.722222 0.440476
1 0.707941 1.0 0.707639 0.994589 0.705556 0.983766 0.689583 0.981602 0.68696 1.0 0.707941 1.0
1 0.58558 1.0 0.584722 0.996753 0.59375 0.968615 0.597917 0.964286 0.599306 0.940476 0.607639 0.909091 0.597222 0.909091 0.577083 0.937229 0.575 0.950216 0.577083 0.953463 0.562153 1.0 0.58558 1.0
1 0.663194 0.856423 0.663486 0.856423 0.663486 0.854616 0.663194 0.854616 0.663194 0.856423
1 0.468664 1.0 0.522222 0.857143 0.522222 0.847403 0.510417 0.839827 0.474306 0.864719 0.472222 0.880952 0.474306 0.899351 0.471528 0.912338 0.468056 0.920996 0.446528 0.938312 0.436111 0.96645 0.444444 0.985931 0.444444 0.993506 0.441444 1.0 0.468664 1.0
1 0.645833 0.837662 0.640278 0.837662 0.619444 0.859307 0.61875 0.876623 0.64375 0.862554 0.653472 0.850649 0.652778 0.84632 0.645833 0.837662
1 0.678472 0.837662 0.667361 0.838745 0.659722 0.854978 0.656944 0.866883 0.661111 0.887446 0.658333 0.906926 0.6375 0.937229 0.636806 0.980519 0.638889 0.983766 0.645833 0.987013 0.648611 0.983766 0.668056 0.937229 0.675694 0.928571 0.68125 0.890693 0.689583 0.871212 0.690972 0.854978 0.6875 0.849567 0.678472 0.837662
1 0.852778 0.730519 0.845139 0.727273 0.802778 0.751082 0.759722 0.784632 0.745139 0.8171 0.725694 0.824675 0.714583 0.823593 0.697222 0.837662 0.694444 0.847403 0.68125 0.856061 0.688889 0.856061 0.697917 0.863636 0.735417 0.840909 0.758333 0.838745 0.788194 0.786797 0.805556 0.772727 0.811806 0.774892 0.835417 0.758658 0.845833 0.761905 0.860417 0.756494 0.859722 0.746753 0.852778 0.730519
1 0.861806 0.762987 0.852083 0.765152 0.832639 0.786797 0.838194 0.788961 0.854398 0.77381 0.861806 0.77381 0.871528 0.784632 0.875 0.782468 0.872222 0.768398 0.861806 0.762987
1 0.916667 0.83658 0.905556 0.841991 0.880556 0.8171 0.875694 0.805195 0.872917 0.814935 0.857639 0.834416 0.838194 0.835498 0.832639 0.831169 0.834028 0.799784 0.826389 0.792208 0.813889 0.818182 0.785417 0.843074 0.763194 0.856061 0.766667 0.861472 0.796528 0.873377 0.818056 0.867965 0.829167 0.871212 0.845139 0.883117 0.921528 0.869048 0.925694 0.86039 0.925694 0.838745 0.916667 0.83658
1 0.734028 0.468615 0.717361 0.555195 0.713194 0.561688 0.715278 0.571429 0.723611 0.572511 0.727083 0.5671 0.740972 0.505411 0.763194 0.471861 0.763889 0.436147 0.756944 0.435065 0.734028 0.468615
1 0.922222 0.506494 0.909722 0.516234 0.879861 0.550866 0.858333 0.564935 0.852083 0.575758 0.890278 0.569264 0.924306 0.547619 0.934028 0.534632 0.927778 0.508658 0.922222 0.506494
1 0.984028 0.496753 0.978472 0.498918 0.975 0.522727 0.986111 0.52381 0.989583 0.515152 0.989583 0.501082 0.984028 0.496753
1 1.0 0.541721 0.986806 0.532468 0.973611 0.537879 0.959722 0.566017 0.948611 0.574675 0.948611 0.617965 0.959028 0.612554 0.964583 0.598485 0.975 0.58658 0.984722 0.583333 0.999306 0.589827 1.0 0.589556 1.0 0.541721
1 0.609722 0.738095 0.610417 0.746753 0.617361 0.752165 0.625694 0.748918 0.627083 0.737013 0.622917 0.722944 0.609722 0.738095
1 0.676389 0.730519 0.665278 0.720779 0.663889 0.709957 0.634028 0.741342 0.626389 0.778139 0.636806 0.813853 0.650694 0.813853 0.653472 0.79329 0.663889 0.77381 0.675 0.768398 0.682639 0.758658 0.681944 0.747835 0.676389 0.730519
1 0.502778 0.649351 0.491667 0.669913 0.486111 0.662338 0.482639 0.648268 0.477778 0.651515 0.467361 0.674242 0.473611 0.69733 0.472222 0.71645 0.464583 0.74026 0.449306 0.760823 0.44375 0.780303 0.443056 0.831169 0.454167 0.830087 0.472222 0.779221 0.494444 0.747835 0.497222 0.731602 0.495833 0.710498 0.504167 0.683983 0.511806 0.676407 0.529167 0.675325 0.534028 0.666667 0.532639 0.660173 0.502778 0.649351
1 0.429167 0.847403 0.427083 0.865801 0.418056 0.888528 0.414583 0.929654 0.424306 0.916667 0.434028 0.890693 0.453472 0.864719 0.452778 0.827922 0.429167 0.847403
1 0.445833 0.814935 0.444444 0.805195 0.430556 0.829004 0.413194 0.834416 0.407639 0.822511 0.402083 0.823593 0.399306 0.862554 0.408333 0.876623 0.4125 0.895022 0.408333 0.915584 0.399306 0.928571 0.403472 0.952381 0.409722 0.952381 0.414583 0.943723 0.434722 0.887446 0.449306 0.866883 0.454167 0.820346 0.445833 0.814935
1 0.361111 0.45671 0.340972 0.45671 0.336806 0.463203 0.3375 0.472944 0.350694 0.506494 0.346528 0.534632 0.3375 0.555195 0.336806 0.613636 0.340278 0.626623 0.34375 0.628788 0.347917 0.625541 0.345833 0.62013 0.346528 0.591991 0.356944 0.5671 0.360417 0.534632 0.366667 0.518398 0.363194 0.502165 0.370833 0.472944 0.364583 0.461039 0.361111 0.45671
1 0.315972 0.489177 0.316667 0.479437 0.311806 0.459957 0.308333 0.45671 0.297222 0.458874 0.291667 0.474026 0.285417 0.480519 0.303472 0.54329 0.307639 0.568182 0.315972 0.58658 0.321528 0.616883 0.33125 0.633117 0.335417 0.647186 0.336806 0.662338 0.334722 0.670996 0.322917 0.67316 0.322917 0.680736 0.334722 0.676407 0.345139 0.690476 0.346528 0.700216 0.340972 0.70671 0.338194 0.718615 0.340972 0.731602 0.349306 0.729437 0.35625 0.701299 0.35625 0.656926 0.315972 0.489177
1 0.259722 0.230519 0.246528 0.254329 0.240278 0.257576 0.229167 0.243506 0.216667 0.205628 0.209028 0.199134 0.199306 0.202381 0.206944 0.248918 0.218056 0.268398 0.222222 0.287879 0.229167 0.301948 0.229861 0.327922 0.234028 0.337662 0.231944 0.354978 0.235417 0.372294 0.238194 0.37987 0.248611 0.384199 0.257639 0.402597 0.265972 0.4329 0.263889 0.441558 0.265972 0.442641 0.270139 0.472944 0.289583 0.488095 0.288194 0.479437 0.291667 0.468615 0.291667 0.452381 0.273611 0.408009 0.268056 0.361472 0.257639 0.343074 0.251389 0.312771 0.254167 0.297619 0.252778 0.265152 0.261806 0.234848 0.259722 0.230519
1 0.243056 0.464286 0.232639 0.440476 0.222222 0.426407 0.213889 0.388528 0.204861 0.378788 0.191667 0.341991 0.186111 0.295455 0.175694 0.275974 0.172222 0.25974 0.160417 0.244589 0.155556 0.22619 0.157639 0.213203 0.151389 0.211039 0.146528 0.201299 0.14375 0.201299 0.140972 0.205628 0.143056 0.252165 0.135417 0.262987 0.134722 0.272727 0.1375 0.278139 0.161806 0.292208 0.16875 0.305195 0.170833 0.320346 0.169444 0.337662 0.159722 0.347403 0.163194 0.37013 0.1875 0.386364 0.202083 0.438312 0.199306 0.459957 0.227083 0.491342 0.234028 0.522727 0.245833 0.50974 0.245833 0.492424 0.243056 0.464286
1 0.29375 0.335498 0.279167 0.358225 0.277778 0.410173 0.282639 0.408009 0.2875 0.390693 0.290972 0.362915 0.298611 0.345238 0.295833 0.337662 0.29375 0.335498
1 0.277083 0.420996 0.272917 0.427489 0.277778 0.433983 0.280556 0.431818 0.279861 0.422078 0.277083 0.420996
1 0.104861 0.241342 0.098611 0.230519 0.094444 0.212121 0.078472 0.217532 0.077778 0.244589 0.097917 0.257576 0.097222 0.262987 0.100694 0.267316 0.131944 0.274892 0.138889 0.267316 0.1375 0.25974 0.104861 0.241342
1 0.035417 0.241342 0.036806 0.241342 0.036806 0.239719 0.035417 0.239719 0.035417 0.241342
1 0.109028 0.057359 0.094444 0.031385 0.086111 0.027056 0.079167 0.034632 0.077778 0.051948 0.070139 0.074675 0.071528 0.079004 0.085417 0.077922 0.102778 0.084416 0.115972 0.069264 0.115972 0.063853 0.109028 0.057359
1 0.121528 0.073593 0.114583 0.079004 0.108333 0.099567 0.111806 0.11039 0.119444 0.112554 0.124306 0.106061 0.127778 0.094156 0.127083 0.082251 0.121528 0.073593
1 0.197222 0.057359 0.186111 0.060606 0.177778 0.094156 0.186806 0.098485 0.19375 0.094156 0.204861 0.080087 0.205556 0.069264 0.197222 0.057359
1 0.277778 0.041126 0.260417 0.04329 0.247917 0.058442 0.229167 0.056277 0.227778 0.060606 0.245833 0.079004 0.264583 0.083333 0.276389 0.062771 0.284028 0.056277 0.284028 0.048701 0.277778 0.041126
1 0.038889 0.045455 0.038194 0.028139 0.032639 0.016234 0.034028 0.011905 0.029167 0.008658 0.016667 0.064935 0.019444 0.080087 0.023611 0.083333 0.036806 0.082251 0.045833 0.069264 0.046528 0.057359 0.038889 0.045455
1 0.051389 0.149351 0.040972 0.147186 0.034028 0.158009 0.042361 0.169913 0.053472 0.172078 0.054167 0.156926 0.051389 0.149351
1 0.167361 0.062771 0.161806 0.062771 0.152083 0.074675 0.151389 0.082251 0.159722 0.088745 0.168056 0.087662 0.172222 0.082251 0.171528 0.074675 0.167361 0.062771
1 0.152778 0.159091 0.138194 0.161255 0.1375 0.168831 0.140972 0.180736 0.153472 0.1829 0.157639 0.174242 0.156944 0.16342 0.152778 0.159091
1 0.152083 0.193723 0.139583 0.201299 0.141667 0.215368 0.152778 0.222944 0.160417 0.207792 0.160417 0.195887 0.152083 0.193723
1 0.186806 0.162338 0.18125 0.164502 0.180556 0.175325 0.1875 0.179654 0.192361 0.17316 0.190972 0.166667 0.186806 0.162338
1 0.1375 0.338745 0.13125 0.325758 0.127083 0.294372 0.138194 0.267316 0.125 0.255411 0.102778 0.247835 0.097222 0.234848 0.09375 0.214286 0.089583 0.214286 0.084028 0.222944 0.077778 0.217532 0.075 0.220779 0.074306 0.242424 0.064583 0.246753 0.044444 0.248918 0.0375 0.229437 0.029861 0.228355 0.027083 0.232684 0.025 0.241342 0.026389 0.252165 0.0375 0.264069 0.041667 0.28355 0.048611 0.292208 0.071528 0.296537 0.090972 0.288961 0.109722 0.310606 0.115972 0.331169 0.115278 0.34632 0.15625 0.372294 0.165278 0.373377 0.164583 0.358225 0.1375 0.338745
1 0.034722 0.228355 0.026389 0.231602 0.022222 0.254329 0.0125 0.265152 0.015972 0.275974 0.025694 0.275974 0.040278 0.252165 0.041667 0.242424 0.039583 0.234848 0.034722 0.228355
1 0.0 0.473304 0.006944 0.489177 0.030556 0.474026 0.050694 0.472944 0.097222 0.461039 0.104167 0.469697 0.120139 0.467532 0.163194 0.479437 0.166667 0.505411 0.175 0.506494 0.179861 0.502165 0.174306 0.496753 0.167361 0.471861 0.159722 0.469697 0.159722 0.464286 0.15 0.445887 0.160417 0.431818 0.147917 0.411255 0.145139 0.415584 0.147222 0.416667 0.145833 0.424242 0.147917 0.430736 0.140972 0.438312 0.134028 0.435065 0.124306 0.443723 0.111111 0.441558 0.103472 0.436147 0.097222 0.425325 0.094444 0.411255 0.078472 0.405844 0.080556 0.428571 0.067361 0.441558 0.052083 0.441558 0.0375 0.433983 0.028472 0.442641 0.019444 0.438312 0.003472 0.442641 0.0 0.442126 0.0 0.473304
1 0.1375 0.386364 0.111806 0.347403 0.097222 0.345238 0.086806 0.349567 0.066667 0.3171 0.068056 0.312771 0.063889 0.309524 0.059722 0.296537 0.040972 0.272727 0.039583 0.279221 0.044444 0.296537 0.052778 0.312771 0.061111 0.321429 0.061111 0.32684 0.057639 0.329004 0.064583 0.335498 0.065972 0.339827 0.0625 0.345238 0.065972 0.348485 0.070833 0.367965 0.086111 0.380952 0.090278 0.395022 0.104167 0.40368 0.114583 0.397186 0.13125 0.428571 0.1375 0.428571 0.150694 0.422078 0.152778 0.416667 0.149306 0.390693 0.1375 0.386364
1 0.211806 0.439394 0.209722 0.445887 0.190972 0.452381 0.179167 0.443723 0.170833 0.444805 0.170139 0.449134 0.189583 0.472944 0.211806 0.474026 0.216667 0.469697 0.215278 0.459957 0.221528 0.443723 0.219444 0.442641 0.211806 0.439394
1 0.215972 0.738095 0.208333 0.733766 0.149306 0.641775 0.10625 0.630952 0.098611 0.624459 0.090972 0.626623 0.091667 0.638528 0.100694 0.662338 0.125694 0.674242 0.15 0.670996 0.159722 0.678571 0.169444 0.698052 0.171528 0.708874 0.166667 0.727273 0.167361 0.735931 0.196528 0.746753 0.215278 0.75974 0.222222 0.757576 0.223611 0.748918 0.215972 0.738095
1 0.178472 0.715368 0.171528 0.725108 0.15625 0.731602 0.136111 0.731602 0.122917 0.70671 0.119444 0.707792 0.089583 0.753247 0.088889 0.762987 0.09375 0.785714 0.100694 0.778139 0.100694 0.77381 0.125694 0.751082 0.136806 0.745671 0.1625 0.753247 0.190278 0.745671 0.192361 0.748918 0.209722 0.75 0.211111 0.74026 0.201389 0.731602 0.178472 0.715368
1 0.246528 0.887446 0.231944 0.878788 0.23125 0.866883 0.188194 0.831169 0.165278 0.820346 0.157639 0.810606 0.15 0.823593 0.134722 0.834416 0.119444 0.861472 0.119444 0.872294 0.123611 0.876623 0.146528 0.856061 0.168056 0.861472 0.176389 0.871212 0.172222 0.892857 0.176389 0.901515 0.186111 0.897186 0.195833 0.874459 0.205556 0.869048 0.217361 0.875541 0.224306 0.888528 0.227083 0.904762 0.246528 0.914502 0.251389 0.912338 0.250694 0.908009 0.246528 0.887446
1 0.410493 0.679659 0.412424 0.679659 0.412424 0.677852 0.410493 0.677852 0.410493 0.679659
1 0.381944 0.538961 0.374306 0.516234 0.368056 0.517316 0.366667 0.546537 0.372917 0.566017 0.366667 0.571429 0.375694 0.591991 0.377083 0.608225 0.371528 0.637446 0.364583 0.641775 0.367361 0.645022 0.366667 0.661255 0.364583 0.675325 0.357639 0.692641 0.361806 0.70671 0.359028 0.727273 0.364583 0.746753 0.364583 0.765152 0.373611 0.775974 0.375694 0.791126 0.369444 0.811688 0.362963 0.820346 0.352778 0.818182 0.350694 0.822511 0.370833 0.847403 0.379861 0.847403 0.386806 0.840909 0.393056 0.787879 0.386111 0.760823 0.390972 0.752165 0.381944 0.721861 0.392361 0.624459 0.390278 0.591991 0.395139 0.585498 0.392361 0.562771 0.396528 0.555195 0.397222 0.54329 0.381944 0.538961
1 0.424306 0.676407 0.422917 0.67316 0.420833 0.677489 0.413889 0.677489 0.411806 0.668831 0.406944 0.681818 0.409722 0.69697 0.407639 0.714286 0.401389 0.738095 0.396528 0.74026 0.394444 0.747835 0.395833 0.768398 0.402083 0.771645 0.404861 0.782468 0.425 0.765152 0.425694 0.717532 0.432639 0.675325 0.424306 0.676407
1 0.456944 0.654762 0.447917 0.661255 0.443056 0.675325 0.43125 0.690476 0.425694 0.712121 0.427778 0.733766 0.423611 0.748918 0.427083 0.760823 0.445139 0.792208 0.447917 0.788961 0.454861 0.753247 0.461111 0.75 0.463889 0.735931 0.461806 0.730519 0.447917 0.729437 0.442361 0.720779 0.439583 0.70671 0.442361 0.703463 0.444444 0.6829 0.45625 0.678571 0.461806 0.670996 0.456944 0.654762
1 0.309028 0.458874 0.295139 0.459957 0.288889 0.471861 0.284722 0.470779 0.281944 0.47619 0.293056 0.508658 0.293056 0.52381 0.289583 0.525974 0.288194 0.538961 0.303472 0.571429 0.31875 0.583333 0.321528 0.572511 0.325694 0.571429 0.308333 0.506494 0.308333 0.491342 0.313194 0.488095 0.315972 0.479437 0.309028 0.458874
1 0.404167 0.777056 0.397222 0.784632 0.39375 0.804113 0.39375 0.830087 0.400694 0.84632 0.408333 0.84632 0.4125 0.834416 0.406944 0.813853 0.406944 0.782468 0.404167 0.777056
1 0.370833 0.821429 0.365278 0.82684 0.357639 0.824675 0.345139 0.811688 0.341667 0.796537 0.343056 0.781385 0.354861 0.768398 0.348611 0.74026 0.341667 0.733766 0.333102 0.734848 0.318056 0.72619 0.307639 0.701299 0.300694 0.702381 0.295833 0.756494 0.298611 0.762987 0.314583 0.777056 0.320833 0.799784 0.321528 0.823593 0.332639 0.853896 0.349306 0.875541 0.35 0.901515 0.347222 0.916667 0.343056 0.920996 0.345139 0.931818 0.370139 0.94697 0.375694 0.942641 0.379861 0.931818 0.370833 0.901515 0.370833 0.887446 0.379861 0.856061 0.371528 0.849567 0.375694 0.824675 0.370833 0.821429
1 0.297917 0.84632 0.286806 0.832251 0.282639 0.819264 0.279167 0.799784 0.278472 0.767316 0.272222 0.760823 0.265972 0.760823 0.250694 0.772727 0.254861 0.79329 0.258333 0.797619 0.250694 0.818182 0.233333 0.819264 0.228472 0.814935 0.219444 0.782468 0.211806 0.792208 0.213194 0.80303 0.211111 0.809524 0.216667 0.819264 0.21875 0.83658 0.215972 0.838745 0.220139 0.854978 0.235417 0.858225 0.2375 0.864719 0.248611 0.873377 0.263889 0.864719 0.279861 0.872294 0.286111 0.888528 0.286806 0.906926 0.295139 0.9329 0.295833 0.945887 0.303472 0.954545 0.319444 0.961039 0.321528 0.953463 0.311111 0.922078 0.304167 0.87013 0.297917 0.84632
1 0.315278 0.661255 0.317361 0.65368 0.309722 0.643939 0.286111 0.637446 0.279861 0.641775 0.270139 0.636364 0.267361 0.63961 0.263194 0.670996 0.282639 0.689394 0.2875 0.699134 0.288889 0.715368 0.292361 0.721861 0.319444 0.751082 0.322917 0.745671 0.322917 0.727273 0.311806 0.717532 0.310417 0.705628 0.314583 0.689394 0.322222 0.6829 0.321528 0.669913 0.315278 0.661255
1 0.2625 0.542208 0.252083 0.521645 0.247917 0.50974 0.248611 0.503247 0.241667 0.496753 0.2375 0.501082 0.238889 0.506494 0.231944 0.537879 0.221528 0.548701 0.221528 0.55303 0.23125 0.571429 0.245833 0.577922 0.25625 0.590909 0.264583 0.633117 0.281944 0.638528 0.285417 0.628788 0.280556 0.613636 0.279167 0.591991 0.291667 0.550866 0.2875 0.538961 0.2625 0.542208
1 0.209028 0.582251 0.182639 0.544372 0.165278 0.534632 0.15625 0.540043 0.141667 0.537879 0.126389 0.516234 0.090278 0.536797 0.075694 0.531385 0.063194 0.508658 0.059028 0.515152 0.05625 0.530303 0.043056 0.538961 0.027083 0.536797 0.023611 0.540043 0.01875 0.561688 0.022222 0.570346 0.029861 0.574675 0.029861 0.583333 0.033333 0.590909 0.140278 0.574675 0.155556 0.585498 0.183333 0.580087 0.192361 0.589827 0.205556 0.619048 0.219444 0.628788 0.216667 0.600649 0.209028 0.582251
1 0.207639 0.538961 0.192361 0.525974 0.188194 0.515152 0.186111 0.493506 0.170833 0.501082 0.174306 0.524892 0.184722 0.541126 0.227778 0.562771 0.229167 0.555195 0.226389 0.547619 0.207639 0.538961
1 0.271528 0.950216 0.259722 0.952381 0.256944 0.957792 0.261111 0.967532 0.279861 0.972944 0.298611 0.962121 0.301389 0.957792 0.297222 0.953463 0.271528 0.950216
1 0.33125 0.964286 0.327778 0.970779 0.328472 0.983766 0.3375 0.991342 0.343056 0.977273 0.339583 0.964286 0.33125 0.964286
1 0.28125 0.734848 0.263889 0.730519 0.252083 0.718615 0.241667 0.678571 0.222222 0.640693 0.216667 0.608225 0.202083 0.589827 0.195139 0.587662 0.202083 0.608225 0.201389 0.624459 0.197917 0.635281 0.190972 0.640693 0.185417 0.63961 0.159722 0.624459 0.165278 0.638528 0.167361 0.654762 0.195833 0.672078 0.204861 0.670996 0.215972 0.677489 0.225 0.693723 0.229167 0.714286 0.244444 0.732684 0.285417 0.760823 0.293056 0.75974 0.293056 0.748918 0.289583 0.741342 0.28125 0.734848
1 0.259722 0.747835 0.240972 0.742424 0.234722 0.735931 0.225694 0.734848 0.219444 0.743506 0.222917 0.75 0.223611 0.764069 0.248611 0.771645 0.257639 0.782468 0.261806 0.782468 0.265972 0.767316 0.263889 0.756494 0.259722 0.747835
1 0.0 0.373377 0.008333 0.375541 0.023611 0.387446 0.030556 0.405844 0.034028 0.404762 0.04375 0.385281 0.089583 0.376623 0.097917 0.371212 0.098611 0.36039 0.072222 0.345238 0.060417 0.319264 0.057639 0.333333 0.045139 0.33658 0.036111 0.344156 0.024306 0.344156 0.006944 0.322511 0.0 0.30267 0.0 0.373377
1 0.191667 0.75974 0.185417 0.753247 0.165278 0.757576 0.15625 0.772727 0.15625 0.78355 0.163889 0.790043 0.177083 0.77381 0.186111 0.774892 0.197917 0.805195 0.205556 0.806277 0.206944 0.797619 0.202083 0.781385 0.191667 0.75974
1 0.634028 0.054113 0.627083 0.051948 0.615972 0.066017 0.633333 0.081169 0.640972 0.07684 0.644444 0.0671 0.634028 0.054113
1 0.936806 0.265152 0.933333 0.270563 0.934028 0.296537 0.945139 0.284632 0.945139 0.270563 0.936806 0.265152
1 0.9375 0.267316 0.9375 0.274892 0.941667 0.280303 0.941667 0.269481 0.9375 0.267316
1 0.922222 0.280303 0.917361 0.290043 0.91875 0.305195 0.925694 0.305195 0.929167 0.299784 0.929861 0.288961 0.934028 0.287879 0.929861 0.286797 0.926389 0.279221 0.922222 0.280303