1 0.0 0.246161 0.026316 0.258315 0.032006 0.267184 0.041963 0.298226 0.038407 0.333703 0.02276 0.344789 0.013514 0.344789 0.007112 0.358093 0.009957 0.361419 0.034139 0.36031 0.044808 0.368071 0.047653 0.379157 0.046942 0.409091 0.088193 0.427938 0.093883 0.447894 0.094595 0.455654 0.090327 0.465632 0.086771 0.488914 0.07468 0.497783 0.072546 0.507761 0.053343 0.506652 0.049075 0.501109 0.042674 0.501109 0.045519 0.526608 0.152916 0.611973 0.169275 0.646341 0.179232 0.658537 0.191323 0.657428 0.185633 0.644124 0.184211 0.566519 0.187767 0.555432 0.187055 0.539911 0.181366 0.529933 0.177098 0.529933 0.173542 0.531042 0.171408 0.542129 0.162162 0.544346 0.16074 0.514412 0.139403 0.488914 0.133713 0.476718 0.13229 0.44235 0.134424 0.426829 0.140825 0.420177 0.141536 0.406874 0.1266 0.36031 0.115932 0.351441 0.037696 0.117517 0.045519 0.101996 0.04623 0.092018 0.041963 0.086475 0.034851 0.087583 0.021337 0.073171 0.0 0.036888 0.0 0.161455 0.008535 0.174058 0.0 0.185013 0.0 0.246161
1 0.0 0.362528 0.005338 0.362528 0.005338 0.359756 0.0 0.359756 0.0 0.362528
1 0.0 0.51572 0.000711 0.515521 0.031294 0.522173 0.048364 0.534368 0.073969 0.533259 0.08606 0.535477 0.089616 0.54102 0.094595 0.535477 0.086771 0.525499 0.072546 0.521064 0.056188 0.508869 0.029872 0.505543 0.010669 0.495565 0.0 0.496231 0.0 0.51572
1 0.0 0.575796 0.009957 0.567627 0.022048 0.568736 0.044097 0.588692 0.061878 0.628603 0.077525 0.636364 0.082504 0.634146 0.078947 0.605322 0.069701 0.597561 0.035562 0.549889 0.01707 0.54878 0.003556 0.536585 0.0 0.538895 0.0 0.575796
1 0.0 0.563845 0.015647 0.560976 0.025605 0.567627 0.029161 0.56541 0.027027 0.558758 0.002845 0.534368 0.0 0.534368 0.0 0.563845
1 0.135135 0.689579 0.136558 0.682927 0.129445 0.66408 0.103841 0.657428 0.090327 0.645233 0.084637 0.633038 0.078947 0.601996 0.062589 0.596452 0.059033 0.596452 0.056899 0.601996 0.056899 0.621951 0.053343 0.637472 0.058321 0.649667 0.071124 0.661863 0.09744 0.677384 0.113087 0.679601 0.128023 0.689579 0.135135 0.689579
1 0.160028 0.674058 0.148649 0.661863 0.147937 0.651885 0.14367 0.64745 0.139403 0.654102 0.141536 0.666297 0.135135 0.674058 0.129445 0.691796 0.12091 0.697339 0.109531 0.696231 0.094595 0.707317 0.078947 0.697339 0.067568 0.708426 0.064011 0.71286 0.064011 0.720621 0.113087 0.748337 0.121622 0.748337 0.142959 0.718404 0.155761 0.707317 0.162162 0.687361 0.160028 0.674058
1 0.022048 0.741685 0.020626 0.749446 0.025605 0.754989 0.029161 0.75388 0.062589 0.725055 0.052632 0.715078 0.040541 0.71286 0.037696 0.722838 0.022048 0.741685
1 0.025605 0.700665 0.014225 0.702882 0.007112 0.709534 0.002134 0.721729 0.002845 0.742794 0.010669 0.750554 0.019203 0.750554 0.024893 0.725055 0.038407 0.709534 0.040541 0.696231 0.034851 0.691796 0.025605 0.700665
1 0.162873 0.82816 0.135846 0.808204 0.133001 0.797118 0.123755 0.798226 0.117354 0.81153 0.110242 0.817073 0.093883 0.820399 0.085349 0.833703 0.085349 0.844789 0.093172 0.855876 0.106686 0.856984 0.113087 0.849224 0.127312 0.86918 0.145092 0.862528 0.165007 0.834812 0.162873 0.82816
1 0.242532 0.89357 0.224751 0.868071 0.194879 0.85255 0.187055 0.851441 0.16643 0.874723 0.165718 0.885809 0.172119 0.89357 0.193457 0.894678 0.215505 0.884701 0.236842 0.896896 0.241821 0.905765 0.243954 0.902439 0.242532 0.89357
1 0.135135 0.874723 0.142248 0.870288 0.147226 0.872506 0.159317 0.862528 0.163585 0.865854 0.162162 0.873614 0.169275 0.89357 0.204125 0.884701 0.211238 0.868071 0.209104 0.863636 0.198435 0.861419 0.191323 0.849224 0.191323 0.833703 0.203414 0.817073 0.206259 0.797118 0.199858 0.789357 0.196302 0.778271 0.197013 0.767184 0.193457 0.761641 0.187767 0.767184 0.187767 0.801552 0.180654 0.81929 0.165718 0.822616 0.154339 0.81929 0.14936 0.81153 0.147226 0.796009 0.14367 0.798226 0.135846 0.790466 0.123044 0.797118 0.117354 0.812639 0.109531 0.81929 0.098862 0.820399 0.088193 0.830377 0.086771 0.840355 0.090327 0.85255 0.101707 0.858093 0.108819 0.855876 0.113087 0.848115 0.116643 0.849224 0.124467 0.871397 0.135135 0.874723
1 0.215505 0.797118 0.226885 0.778271 0.234708 0.779379 0.239687 0.771619 0.242532 0.75388 0.256046 0.731707 0.263869 0.725055 0.233997 0.722838 0.231152 0.71286 0.231152 0.694013 0.227596 0.690687 0.221195 0.695122 0.215505 0.711752 0.206259 0.718404 0.189189 0.706208 0.162162 0.707317 0.153627 0.713969 0.154339 0.72949 0.181366 0.735033 0.1899 0.743902 0.20128 0.767184 0.202703 0.774945 0.200569 0.779379 0.207681 0.799335 0.215505 0.797118
1 0.173542 0.675166 0.172831 0.682927 0.179943 0.694013 0.186344 0.696231 0.189189 0.692905 0.189189 0.682927 0.184211 0.672949 0.178521 0.670732 0.173542 0.675166
1 0.113798 0.723947 0.109531 0.730599 0.113087 0.743902 0.123044 0.743902 0.131579 0.735033 0.133001 0.710643 0.111664 0.71286 0.113798 0.723947
1 0.159317 0.666297 0.147226 0.669623 0.145092 0.689579 0.131579 0.703991 0.135135 0.703991 0.142248 0.716186 0.168563 0.707317 0.170697 0.695122 0.16643 0.674058 0.159317 0.666297
1 0.199858 0.754989 0.211949 0.759424 0.231152 0.757206 0.238265 0.74612 0.231152 0.698448 0.233286 0.692905 0.250356 0.682927 0.253201 0.672949 0.261024 0.67184 0.266714 0.638581 0.265292 0.625277 0.257468 0.614191 0.250356 0.633038 0.249644 0.645233 0.237553 0.66408 0.223329 0.672949 0.207681 0.669623 0.203414 0.682927 0.207681 0.687361 0.211238 0.685144 0.214794 0.690687 0.216216 0.709534 0.21266 0.726164 0.20697 0.727273 0.198435 0.737251 0.199858 0.754989
1 0.071835 0.962306 0.095306 0.97561 0.082504 0.924612 0.071124 0.919069 0.062589 0.933481 0.061878 0.944568 0.071835 0.962306
1 0.097499 1.0 0.098151 0.998891 0.109531 1.0 0.116643 0.992239 0.093883 0.972284 0.087482 0.977827 0.044808 0.974501 0.031294 0.98337 0.029872 0.995565 0.032311 1.0 0.097499 1.0
1 0.046942 0.883592 0.046942 0.89357 0.05192 0.902439 0.056899 0.902439 0.061166 0.896896 0.061166 0.885809 0.058321 0.880266 0.05192 0.878049 0.046942 0.883592
1 0.221053 1.0 0.223329 0.998891 0.228307 0.985588 0.222617 0.982262 0.165718 1.0 0.221053 1.0
1 0.227359 1.0 0.22404 0.995565 0.225462 0.987805 0.220484 0.985588 0.205548 0.990022 0.177098 0.980044 0.135846 0.987805 0.135135 0.995565 0.140012 1.0 0.227359 1.0
1 0.192745 0.977827 0.189189 0.952328 0.180654 0.936807 0.173542 0.933481 0.16643 0.923503 0.162873 0.924612 0.157895 0.935698 0.15505 0.947894 0.16643 0.972284 0.16643 0.977827 0.177098 0.991131 0.196302 0.995565 0.200569 0.991131 0.200569 0.982262 0.192745 0.977827
1 0.295164 0.994457 0.29303 0.982262 0.288051 0.980044 0.285206 0.931264 0.286629 0.913525 0.295875 0.902439 0.294452 0.894678 0.279516 0.880266 0.278805 0.868071 0.273826 0.856984 0.26458 0.859202 0.260313 0.872506 0.256046 0.872506 0.252489 0.863636 0.244666 0.862528 0.238976 0.875831 0.238265 0.882483 0.251067 0.905765 0.256757 0.924612 0.257468 0.950111 0.253912 0.973392 0.260313 0.982262 0.283073 0.998891 0.295164 0.994457
1 0.324786 1.0 0.325747 0.988914 0.293741 0.970067 0.292319 0.977827 0.302276 0.994457 0.30337 1.0 0.324786 1.0
1 0.323738 1.0 0.326458 0.985588 0.30441 0.978936 0.302987 0.968958 0.288762 0.954545 0.288051 0.945676 0.293741 0.923503 0.300142 0.922395 0.295164 0.909091 0.295164 0.89357 0.285206 0.889135 0.278805 0.902439 0.275249 0.914634 0.278094 0.916851 0.276671 0.922395 0.268137 0.939024 0.268137 0.961197 0.27596 0.978936 0.280915 1.0 0.323738 1.0
1 0.337127 0.772727 0.342105 0.74612 0.347795 0.735033 0.364154 0.721729 0.374111 0.719512 0.382646 0.702882 0.385491 0.668514 0.389758 0.651885 0.379801 0.640798 0.363442 0.605322 0.35633 0.601996 0.349218 0.610865 0.345661 0.63969 0.337838 0.658537 0.309388 0.668514 0.300142 0.661863 0.298009 0.645233 0.284495 0.609756 0.270982 0.601996 0.266714 0.594235 0.260313 0.599778 0.253201 0.643016 0.246088 0.657428 0.248222 0.660754 0.244666 0.681818 0.26458 0.716186 0.291607 0.731707 0.308677 0.762749 0.319346 0.764967 0.33357 0.776053 0.337127 0.772727
1 0.232575 0.55765 0.233997 0.568736 0.25889 0.5898 0.261735 0.575388 0.258179 0.562084 0.266003 0.529933 0.260313 0.526608 0.250356 0.509978 0.245377 0.493348 0.23542 0.480044 0.226174 0.48337 0.223329 0.47561 0.215505 0.473392 0.213371 0.476718 0.215505 0.482262 0.22404 0.491131 0.233997 0.514412 0.238265 0.517738 0.243954 0.535477 0.244666 0.544346 0.232575 0.55765
1 0.378378 0.947894 0.3734 0.943459 0.369844 0.932373 0.362731 0.93459 0.36202 0.946785 0.369844 0.961197 0.38478 0.98337 0.391892 0.982262 0.394026 0.967849 0.389758 0.945676 0.386202 0.940133 0.378378 0.947894
1 0.409919 1.0 0.409673 0.998891 0.404694 0.98337 0.401138 0.98337 0.396871 0.991131 0.393314 0.998891 0.393472 1.0 0.409919 1.0
1 0.394026 0.900222 0.393314 0.871397 0.399004 0.854767 0.399004 0.841463 0.374111 0.827051 0.366999 0.82816 0.365576 0.832594 0.366287 0.865854 0.369844 0.878049 0.375533 0.884701 0.376245 0.89357 0.366999 0.895787 0.366999 0.902439 0.386202 0.913525 0.394026 0.900222
1 0.421053 0.738359 0.416785 0.725055 0.40825 0.719512 0.400427 0.725055 0.397582 0.737251 0.401849 0.769401 0.400427 0.840355 0.403272 0.850333 0.411095 0.851441 0.415363 0.844789 0.417496 0.829268 0.414651 0.779379 0.421053 0.738359
1 0.48293 0.898004 0.477952 0.859202 0.459459 0.841463 0.455903 0.825942 0.450925 0.81929 0.446657 0.818182 0.445235 0.823725 0.445946 0.838137 0.44239 0.855876 0.4367 0.863636 0.438122 0.873614 0.451636 0.884701 0.462304 0.912417 0.477952 0.912417 0.48293 0.898004
1 0.479374 0.965632 0.484353 0.972284 0.490754 0.970067 0.492888 0.962306 0.490754 0.945676 0.483642 0.94235 0.479374 0.947894 0.479374 0.965632
1 0.499289 0.890244 0.508535 0.879157 0.509246 0.870288 0.500711 0.858093 0.493599 0.86031 0.49431 0.884701 0.499289 0.890244
1 0.423898 0.563193 0.435989 0.574279 0.465861 0.669623 0.465149 0.678492 0.476529 0.709534 0.491465 0.735033 0.502845 0.737251 0.51138 0.721729 0.510669 0.708426 0.513514 0.700665 0.52276 0.696231 0.525605 0.678492 0.522048 0.666297 0.504267 0.660754 0.492176 0.63082 0.485775 0.624169 0.486486 0.605322 0.496444 0.585366 0.497866 0.573171 0.485775 0.54878 0.480797 0.518847 0.47724 0.514412 0.454481 0.507761 0.445235 0.485588 0.439545 0.444568 0.445235 0.435698 0.44808 0.437916 0.446657 0.432373 0.450925 0.41796 0.4367 0.389135 0.435277 0.368071 0.428165 0.362528 0.423186 0.372506 0.390469 0.374723 0.374822 0.358093 0.358464 0.375831 0.357041 0.380266 0.359886 0.388027 0.392603 0.423503 0.405405 0.471175 0.420341 0.491131 0.42532 0.517738 0.422475 0.526608 0.423898 0.563193
1 0.545519 0.821508 0.550498 0.814856 0.550498 0.804878 0.541963 0.779379 0.541963 0.767184 0.548364 0.742794 0.558321 0.727273 0.560455 0.7051 0.556899 0.697339 0.553343 0.699557 0.551209 0.708426 0.539829 0.722838 0.527027 0.711752 0.514936 0.707317 0.513514 0.720621 0.52276 0.735033 0.514936 0.748337 0.514936 0.759424 0.525605 0.7949 0.525605 0.809313 0.530583 0.81929 0.545519 0.821508
1 0.259605 0.387478 0.259157 0.387478 0.259157 0.388864 0.259605 0.388864 0.259605 0.387478
1 0.253201 0.24612 0.250356 0.25388 0.244666 0.256098 0.237553 0.240576 0.226885 0.228381 0.217639 0.240576 0.222617 0.252772 0.238265 0.271619 0.243954 0.298226 0.236842 0.324834 0.237553 0.413525 0.242532 0.416851 0.27596 0.404656 0.27596 0.394678 0.269559 0.370288 0.274538 0.341463 0.271693 0.324834 0.267425 0.322616 0.266714 0.312639 0.280228 0.27051 0.291607 0.251663 0.295875 0.236142 0.297297 0.223947 0.28734 0.211752 0.283073 0.196231 0.300142 0.14745 0.300142 0.121951 0.295164 0.116408 0.290185 0.120843 0.283784 0.152993 0.27596 0.165188 0.26458 0.16408 0.259602 0.186253 0.256046 0.189579 0.243243 0.16408 0.246799 0.121951 0.253912 0.09867 0.253912 0.088692 0.231152 0.103104 0.222617 0.096452 0.217639 0.072062 0.214083 0.072062 0.209815 0.085366 0.202703 0.134146 0.204125 0.144124 0.216216 0.162971 0.233286 0.200665 0.240398 0.208426 0.241821 0.219512 0.246088 0.223947 0.253201 0.24612
1 0.185633 0.202882 0.188478 0.213969 0.20128 0.220621 0.216216 0.2051 0.200569 0.172949 0.194168 0.170732 0.189189 0.177384 0.185633 0.202882
1 0.14037 0.0 0.129445 0.026608 0.100996 0.046563 0.092461 0.06541 0.09744 0.093126 0.12091 0.167406 0.135846 0.202882 0.140825 0.207317 0.144381 0.203991 0.14367 0.194013 0.133001 0.16408 0.13229 0.124169 0.135846 0.108647 0.152205 0.088692 0.162162 0.060976 0.166131 0.0 0.14037 0.0
1 0.065197 0.0 0.07468 0.022173 0.073969 0.055432 0.078236 0.072062 0.086771 0.080931 0.09175 0.073171 0.093172 0.038803 0.088193 0.032151 0.085349 0.018847 0.08606 0.004435 0.085471 0.0 0.065197 0.0
1 0.203414 0.396896 0.200569 0.391353 0.19559 0.389135 0.184922 0.395787 0.177809 0.382483 0.167141 0.373614 0.161451 0.359202 0.140825 0.36031 0.140114 0.371397 0.150782 0.382483 0.16074 0.404656 0.181366 0.416851 0.196302 0.440133 0.200569 0.43459 0.204836 0.415743 0.203414 0.396896
1 0.103129 0.203991 0.105974 0.223947 0.114509 0.240576 0.128023 0.254989 0.137269 0.257206 0.136558 0.245011 0.130156 0.225055 0.118065 0.210643 0.103129 0.203991
1 0.165007 0.202882 0.147226 0.18071 0.14367 0.18071 0.141536 0.186253 0.163585 0.245011 0.169275 0.300443 0.177809 0.302661 0.183499 0.272727 0.189189 0.262749 0.184211 0.240576 0.165007 0.202882
1 0.142248 0.288248 0.145804 0.300443 0.165718 0.315965 0.167852 0.308204 0.162873 0.291574 0.150782 0.278271 0.142959 0.276053 0.142248 0.288248
1 0.142011 0.0 0.135846 0.008869 0.133001 0.029933 0.112376 0.042129 0.107397 0.062084 0.098151 0.076497 0.098151 0.086475 0.116643 0.158537 0.130868 0.196231 0.13229 0.232816 0.138691 0.236142 0.140825 0.240576 0.138691 0.245011 0.14367 0.247228 0.150782 0.236142 0.150071 0.222838 0.152205 0.219512 0.150782 0.202882 0.13229 0.159645 0.133713 0.12306 0.136558 0.107539 0.14936 0.097561 0.162162 0.056541 0.162162 0.042129 0.152205 0.04102 0.150782 0.027716 0.162162 0.007761 0.161499 0.0 0.142011 0.0
1 0.40256 0.198448 0.403272 0.215078 0.41963 0.242794 0.435277 0.248337 0.437411 0.236142 0.426743 0.156319 0.417496 0.127494 0.411095 0.121951 0.40256 0.101996 0.383357 0.08204 0.352063 0.066519 0.336415 0.070953 0.336415 0.084257 0.348506 0.097561 0.371977 0.095344 0.379801 0.100887 0.393314 0.120843 0.399716 0.148559 0.396871 0.181818 0.40256 0.198448
1 0.343295 0.0 0.342817 0.038803 0.35633 0.059867 0.375533 0.064302 0.378378 0.076497 0.381935 0.076497 0.38478 0.085366 0.391892 0.0898 0.392603 0.103104 0.401849 0.110865 0.403272 0.096452 0.397582 0.060976 0.391181 0.04878 0.389758 0.037694 0.380512 0.037694 0.376245 0.033259 0.374822 0.013304 0.369488 0.0 0.343295 0.0
1 0.371266 0.0 0.376956 0.005543 0.381935 0.032151 0.386913 0.035477 0.389758 0.029933 0.387307 0.0 0.371266 0.0
1 0.427454 0.208426 0.435989 0.227273 0.435989 0.249446 0.449502 0.291574 0.455192 0.299335 0.465861 0.301552 0.470839 0.286031 0.47155 0.269401 0.467283 0.248337 0.457326 0.221729 0.450213 0.181818 0.44239 0.168514 0.4367 0.145233 0.4367 0.12306 0.44239 0.097561 0.432432 0.072062 0.43101 0.044346 0.423898 0.043237 0.41963 0.055432 0.417496 0.076497 0.422475 0.096452 0.41963 0.101996 0.40825 0.101996 0.414651 0.107539 0.415363 0.126386 0.426743 0.177384 0.427454 0.208426
1 0.480085 0.407982 0.498578 0.431264 0.503556 0.45122 0.519203 0.476718 0.52276 0.497783 0.529872 0.506652 0.534139 0.506652 0.537696 0.497783 0.529872 0.490022 0.523471 0.467849 0.526316 0.460089 0.524182 0.453437 0.527027 0.44235 0.526316 0.424612 0.516358 0.412417 0.514225 0.358093 0.506401 0.350333 0.507824 0.345898 0.490754 0.317073 0.490754 0.272727 0.495733 0.266075 0.496444 0.256098 0.48862 0.238359 0.45377 0.209534 0.450213 0.197339 0.446657 0.194013 0.437411 0.200665 0.439545 0.262749 0.44808 0.28714 0.460882 0.310421 0.463727 0.344789 0.472973 0.379157 0.470128 0.396896 0.47155 0.403548 0.480085 0.407982
1 0.463668 0.0 0.465149 0.011086 0.463016 0.025499 0.464438 0.055432 0.456615 0.072062 0.457326 0.08204 0.484353 0.100887 0.493599 0.133038 0.492888 0.162971 0.485064 0.186253 0.479374 0.190687 0.48293 0.225055 0.487909 0.236142 0.497866 0.223947 0.514936 0.150776 0.520626 0.140798 0.523471 0.110865 0.518492 0.080931 0.519203 0.054324 0.500711 0.035477 0.48862 0.006652 0.488233 0.0 0.463668 0.0
1 0.553343 0.527716 0.559033 0.508869 0.553343 0.496674 0.544808 0.493348 0.539829 0.444568 0.543385 0.430155 0.561878 0.404656 0.558321 0.400222 0.550498 0.403548 0.537696 0.422395 0.529872 0.443459 0.531294 0.482262 0.534139 0.491131 0.539829 0.493348 0.534851 0.509978 0.535562 0.532151 0.545519 0.549889 0.552632 0.553215 0.553343 0.527716
1 0.546738 0.0 0.541252 0.013304 0.539118 0.031042 0.532717 0.049889 0.535562 0.086475 0.526316 0.120843 0.523471 0.143016 0.524182 0.156319 0.530583 0.178492 0.540541 0.172949 0.540541 0.156319 0.537696 0.148559 0.564723 0.036585 0.568355 0.0 0.546738 0.0
1 0.600996 0.415743 0.606686 0.405765 0.607397 0.392461 0.599573 0.344789 0.590327 0.322616 0.586771 0.302661 0.587482 0.190687 0.582504 0.191796 0.571835 0.206208 0.564011 0.2051 0.552632 0.192905 0.542674 0.177384 0.537696 0.158537 0.531294 0.154102 0.531294 0.194013 0.536984 0.211752 0.542674 0.219512 0.54623 0.241685 0.588905 0.391353 0.589616 0.404656 0.594595 0.413525 0.600996 0.415743
1 0.535562 0.355876 0.530583 0.368071 0.526316 0.366962 0.523471 0.372506 0.51707 0.40133 0.518492 0.425721 0.523471 0.431264 0.529872 0.450111 0.554054 0.392461 0.561878 0.341463 0.561878 0.303769 0.543385 0.232816 0.529161 0.194013 0.527027 0.189579 0.518492 0.194013 0.520626 0.226164 0.516358 0.245011 0.539118 0.263858 0.543385 0.274945 0.54623 0.301552 0.542674 0.324834 0.536273 0.341463 0.535562 0.355876
1 0.65774 0.0 0.652916 0.013304 0.63229 0.037694 0.631579 0.053215 0.625178 0.064302 0.624467 0.072062 0.633713 0.100887 0.640114 0.104213 0.645804 0.093126 0.651494 0.068736 0.660028 0.056541 0.662873 0.034368 0.673542 0.005543 0.677098 0.0 0.65774 0.0
1 0.576176 0.0 0.581081 0.044346 0.578236 0.08204 0.583926 0.094235 0.605974 0.108647 0.610953 0.105322 0.61522 0.090909 0.608108 0.076497 0.605974 0.052106 0.599573 0.043237 0.599573 0.031042 0.59058 0.0 0.576176 0.0
1 0.628023 0.136364 0.628734 0.128603 0.627312 0.113082 0.613798 0.093126 0.609531 0.095344 0.605974 0.092018 0.595306 0.101996 0.592461 0.111973 0.595306 0.136364 0.591038 0.27051 0.611664 0.236142 0.618065 0.191796 0.625889 0.169623 0.621622 0.151885 0.622333 0.141907 0.628023 0.136364
1 0.636913 0.333149 0.6266 0.344789 0.624467 0.354767 0.63229 0.36031 0.64367 0.36031 0.648649 0.358093 0.656472 0.337029 0.662873 0.308204 0.66074 0.274945 0.657183 0.269401 0.653627 0.24612 0.658606 0.236142 0.659317 0.202882 0.65505 0.190687 0.648649 0.184035 0.639403 0.136364 0.645092 0.108647 0.659317 0.095344 0.662162 0.080931 0.660028 0.075388 0.652205 0.076497 0.633713 0.108647 0.630156 0.138581 0.631579 0.169623 0.63798 0.189579 0.637269 0.22949 0.63229 0.245011 0.645092 0.272727 0.64367 0.2949 0.645804 0.300443 0.636913 0.333149
1 0.617354 0.392461 0.631579 0.40133 0.66074 0.388027 0.669275 0.37694 0.683499 0.338137 0.687767 0.28714 0.696302 0.266075 0.706259 0.254989 0.72404 0.247228 0.732575 0.236142 0.727596 0.226164 0.714083 0.218404 0.692034 0.222838 0.6899 0.202882 0.685633 0.201774 0.681366 0.2051 0.647226 0.2051 0.640114 0.219512 0.635135 0.252772 0.647226 0.271619 0.650071 0.302661 0.641536 0.324834 0.63229 0.337029 0.609531 0.341463 0.612376 0.375831 0.617354 0.392461
1 0.628734 0.404656 0.621622 0.399113 0.609531 0.40133 0.600284 0.422395 0.605263 0.445676 0.604552 0.456763 0.601707 0.477827 0.588905 0.508869 0.593172 0.517738 0.609531 0.507761 0.616643 0.493348 0.628734 0.404656
1 0.63798 0.502217 0.625178 0.51663 0.600996 0.526608 0.598151 0.531042 0.598151 0.539911 0.602418 0.542129 0.638691 0.531042 0.650782 0.517738 0.647937 0.493348 0.640114 0.492239 0.63798 0.502217
1 0.637269 0.465632 0.636558 0.449002 0.633001 0.441242 0.628023 0.446785 0.628734 0.45122 0.616643 0.476718 0.610242 0.509978 0.596017 0.531042 0.595306 0.54102 0.602418 0.545455 0.618777 0.535477 0.629445 0.523282 0.625889 0.51663 0.625889 0.498891 0.635135 0.478936 0.637269 0.465632
1 0.731152 0.460089 0.725462 0.48337 0.708393 0.494457 0.687055 0.545455 0.687767 0.562084 0.698435 0.564302 0.711238 0.528825 0.731863 0.504435 0.741821 0.463415 0.738976 0.441242 0.729018 0.452328 0.731152 0.460089
1 0.766714 0.327051 0.761735 0.315965 0.753912 0.315965 0.746799 0.334812 0.743243 0.359202 0.730441 0.364745 0.71835 0.395787 0.711238 0.421286 0.703414 0.472284 0.704125 0.502217 0.687055 0.545455 0.686344 0.555432 0.6899 0.564302 0.700569 0.555432 0.716216 0.493348 0.734708 0.398004 0.754623 0.375831 0.75889 0.350333 0.766714 0.327051
1 0.784495 0.302661 0.790185 0.279379 0.79872 0.261641 0.825036 0.247228 0.842817 0.247228 0.849218 0.239468 0.848506 0.215078 0.852774 0.203991 0.852774 0.195122 0.846373 0.189579 0.83357 0.191796 0.817923 0.211752 0.802987 0.221729 0.788051 0.216186 0.78165 0.227273 0.768137 0.228381 0.757468 0.235033 0.749644 0.252772 0.748222 0.260532 0.755334 0.293792 0.755334 0.303769 0.752489 0.308204 0.753912 0.324834 0.78165 0.320399 0.785917 0.317073 0.784495 0.302661
1 0.653627 0.575388 0.653627 0.597561 0.657183 0.608647 0.662873 0.610865 0.674964 0.59867 0.674964 0.579823 0.670697 0.566519 0.659317 0.566519 0.653627 0.575388
1 0.62091 0.563193 0.636558 0.56541 0.635846 0.558758 0.628734 0.547672 0.618065 0.552106 0.61522 0.556541 0.62091 0.563193
1 0.673542 0.539911 0.669986 0.535477 0.662873 0.543237 0.662162 0.552106 0.670697 0.55765 0.673542 0.539911
1 0.546942 0.889135 0.549787 0.895787 0.558321 0.892461 0.559744 0.884701 0.554765 0.873614 0.549787 0.873614 0.547653 0.879157 0.546942 0.889135
1 0.544808 0.842572 0.547653 0.865854 0.54623 0.884701 0.549787 0.894678 0.554054 0.895787 0.560455 0.884701 0.546942 0.842572 0.544808 0.842572
1 0.552632 0.986696 0.556188 0.990022 0.568279 0.986696 0.577525 0.97561 0.578236 0.960089 0.571835 0.955654 0.556188 0.971175 0.552632 0.986696
1 0.615457 1.0 0.614509 0.995565 0.605263 0.994457 0.605263 1.0 0.615457 1.0
1 0.681366 1.0 0.685633 0.996674 0.686344 0.976718 0.681366 0.970067 0.668563 0.973392 0.658606 0.957871 0.647226 0.974501 0.636558 0.998891 0.621622 0.994457 0.620873 1.0 0.681366 1.0
1 0.640114 0.845898 0.631579 0.854767 0.628734 0.868071 0.642248 0.873614 0.654339 0.889135 0.662873 0.886918 0.667141 0.878049 0.664296 0.86031 0.652205 0.843681 0.640114 0.845898
1 0.585349 0.86031 0.58606 0.872506 0.594595 0.880266 0.608819 0.878049 0.613798 0.868071 0.610953 0.843681 0.606686 0.838137 0.592461 0.845898 0.585349 0.86031
1 0.583215 0.884701 0.586771 0.898004 0.592461 0.903548 0.598151 0.90133 0.602418 0.885809 0.593172 0.878049 0.586771 0.879157 0.583215 0.884701
1 0.640825 0.720621 0.631579 0.720621 0.62091 0.730599 0.613798 0.742794 0.604552 0.771619 0.603129 0.786031 0.605974 0.792683 0.612376 0.793792 0.618065 0.789357 0.622333 0.774945 0.620199 0.757206 0.639403 0.737251 0.640825 0.720621
1 0.761735 0.864745 0.77027 0.854767 0.769559 0.839246 0.76458 0.830377 0.744666 0.813747 0.720484 0.802661 0.721195 0.790466 0.715505 0.780488 0.705548 0.782705 0.687767 0.820399 0.673542 0.82816 0.65505 0.845898 0.684922 0.883592 0.693457 0.882483 0.704125 0.870288 0.720484 0.861419 0.734708 0.873614 0.74111 0.873614 0.749644 0.861419 0.761735 0.864745
1 0.699858 0.678492 0.687767 0.689579 0.673542 0.690687 0.660028 0.71286 0.661451 0.721729 0.690612 0.728381 0.70128 0.745011 0.709815 0.741685 0.711238 0.715078 0.709104 0.684035 0.706259 0.678492 0.699858 0.678492
1 0.686344 0.645233 0.671408 0.640798 0.663585 0.661863 0.662873 0.670732 0.670697 0.679601 0.697724 0.67184 0.706259 0.661863 0.704836 0.649667 0.697724 0.638581 0.687767 0.640798 0.686344 0.645233
1 0.658606 0.691796 0.66074 0.681818 0.647226 0.685144 0.640825 0.695122 0.651494 0.699557 0.658606 0.691796
1 0.782361 0.547672 0.755334 0.546563 0.742532 0.54102 0.733997 0.54878 0.729018 0.556541 0.746088 0.573171 0.752489 0.569845 0.778094 0.574279 0.785206 0.569845 0.788051 0.562084 0.78734 0.552106 0.782361 0.547672
1 0.728307 0.547672 0.746799 0.535477 0.748222 0.523282 0.731152 0.513304 0.704836 0.539911 0.704125 0.549889 0.728307 0.547672
1 0.814367 0.560976 0.830725 0.560976 0.830725 0.552106 0.826458 0.544346 0.811522 0.54878 0.810811 0.556541 0.814367 0.560976
1 0.841394 0.549889 0.845661 0.54102 0.845661 0.526608 0.841394 0.522173 0.836415 0.529933 0.836415 0.547672 0.841394 0.549889
1 0.810811 0.533259 0.807255 0.523282 0.79872 0.527716 0.799431 0.537694 0.807255 0.538803 0.810811 0.533259
1 0.724356 1.0 0.721195 0.991131 0.694168 0.998891 0.693101 1.0 0.724356 1.0
1 0.784495 0.986696 0.790185 0.994457 0.797297 0.992239 0.800853 0.985588 0.801565 0.97561 0.795164 0.966741 0.784495 0.973392 0.784495 0.986696
1 0.639403 0.803769 0.623755 0.830377 0.623044 0.847007 0.628734 0.85255 0.64936 0.839246 0.659317 0.825942 0.654339 0.817073 0.646515 0.814856 0.642959 0.803769 0.639403 0.803769
1 0.610242 0.802661 0.610242 0.813747 0.613798 0.81929 0.625178 0.823725 0.630156 0.821508 0.633713 0.813747 0.631579 0.804878 0.62091 0.7949 0.610242 0.802661
1 0.907681 1.0 0.906828 0.993348 0.90256 0.987805 0.894026 0.993348 0.893369 1.0 0.907681 1.0
1 0.983642 0.97561 0.98293 0.984479 0.989331 0.994457 0.995021 0.993348 1.0 0.984479 0.998578 0.972284 0.99431 0.967849 0.990043 0.967849 0.983642 0.97561
1 0.990754 0.829268 0.985775 0.82816 0.981508 0.833703 0.984353 0.848115 0.991465 0.845898 0.990754 0.829268
1 0.923186 0.736142 0.926743 0.743902 0.933144 0.743902 0.9367 0.738359 0.933855 0.722838 0.926031 0.722838 0.923186 0.727273 0.923186 0.736142
1 0.837127 0.798226 0.834282 0.804878 0.835704 0.817073 0.841394 0.823725 0.847795 0.820399 0.849929 0.813747 0.846373 0.802661 0.842105 0.797118 0.837127 0.798226
1 0.886202 0.666297 0.890469 0.672949 0.896159 0.672949 0.899716 0.666297 0.897582 0.652993 0.892603 0.651885 0.886913 0.658537 0.886202 0.666297
1 0.99431 0.518847 0.999289 0.503326 0.997155 0.497783 0.992888 0.497783 0.986486 0.506652 0.986486 0.514412 0.99431 0.518847
1 0.876245 0.402439 0.891892 0.416851 0.898293 0.431264 0.901849 0.450111 0.910384 0.464523 0.924609 0.463415 0.928876 0.456763 0.929587 0.444568 0.920341 0.409091 0.90825 0.400222 0.906117 0.388027 0.895448 0.381375 0.879801 0.382483 0.855619 0.396896 0.836415 0.430155 0.822902 0.439024 0.810811 0.441242 0.802987 0.460089 0.802276 0.487805 0.814367 0.485588 0.837838 0.472284 0.840683 0.463415 0.839972 0.450111 0.848506 0.426829 0.871266 0.402439 0.876245 0.402439
1 0.746088 0.460089 0.740398 0.453437 0.743243 0.437916 0.753201 0.419069 0.763158 0.407982 0.780939 0.40133 0.792319 0.413525 0.801565 0.415743 0.8101 0.409091 0.807255 0.406874 0.807966 0.40133 0.814367 0.392461 0.848506 0.39357 0.853485 0.388027 0.872688 0.388027 0.877667 0.381375 0.894737 0.383592 0.903272 0.371397 0.901849 0.362528 0.899716 0.358093 0.891181 0.359202 0.889758 0.363636 0.877667 0.362528 0.854908 0.350333 0.851351 0.33592 0.845661 0.334812 0.822191 0.343681 0.818634 0.345898 0.818634 0.351441 0.805121 0.358093 0.77027 0.354767 0.763158 0.379157 0.752489 0.389135 0.746088 0.389135 0.743954 0.396896 0.731152 0.407982 0.722617 0.421286 0.714794 0.425721 0.714794 0.441242 0.711238 0.453437 0.714083 0.490022 0.711949 0.494457 0.708393 0.493348 0.702703 0.514412 0.687767 0.544346 0.686344 0.552106 0.690612 0.562084 0.702703 0.555432 0.711238 0.527716 0.731863 0.502217 0.736842 0.482262 0.744666 0.472284 0.746088 0.460089
1 1.0 0.368071 0.990043 0.35255 0.963727 0.334812 0.959459 0.31153 0.951636 0.313747 0.94808 0.324834 0.940967 0.332594 0.909673 0.345898 0.880512 0.374723 0.882646 0.382483 0.900427 0.383592 0.93101 0.398004 0.960882 0.381375 0.995021 0.407982 1.0 0.414708 1.0 0.368071
1 0.861309 0.329268 0.889758 0.308204 0.889047 0.278271 0.901849 0.261641 0.90825 0.245011 0.912518 0.242794 0.931721 0.243902 0.938122 0.248337 0.945235 0.261641 0.950925 0.291574 0.954481 0.300443 0.956615 0.299335 0.958748 0.291574 0.957326 0.279379 0.962304 0.259424 0.959459 0.248337 0.952347 0.239468 0.9367 0.227273 0.911807 0.223947 0.896871 0.240576 0.881223 0.272727 0.871266 0.301552 0.86771 0.299335 0.852774 0.310421 0.828592 0.341463 0.841394 0.345898 0.852774 0.340355 0.861309 0.329268
1 0.852063 0.304878 0.859886 0.305987 0.866287 0.291574 0.865576 0.283814 0.863442 0.278271 0.855619 0.278271 0.852774 0.282705 0.852063 0.304878
1 0.921053 0.13969 0.908962 0.131929 0.905405 0.161863 0.896159 0.174058 0.882646 0.187361 0.858464 0.198448 0.844239 0.215078 0.842105 0.219512 0.84495 0.223947 0.871266 0.221729 0.921764 0.199557 0.933855 0.202882 0.940967 0.177384 0.91963 0.152993 0.921053 0.13969
1 1.0 0.041153 0.986486 0.052106 0.980797 0.043237 0.980797 0.032151 0.97155 0.032151 0.94808 0.070953 0.931721 0.090909 0.921764 0.13082 0.920341 0.140798 0.924609 0.145233 0.935989 0.13969 0.955192 0.095344 0.969417 0.087583 0.990043 0.0898 1.0 0.084257 1.0 0.041153
1 1.0 0.156874 0.997155 0.167406 0.987909 0.178492 0.963727 0.184035 0.951636 0.17184 0.947368 0.17184 0.947368 0.177384 0.937411 0.190687 0.934566 0.201774 0.950213 0.225055 0.960171 0.223947 0.965861 0.217295 0.993599 0.216186 1.0 0.220106 1.0 0.156874
1 0.852774 0.0 0.846373 0.01663 0.847795 0.034368 0.830725 0.076497 0.824324 0.08204 0.8101 0.119734 0.803698 0.156319 0.793741 0.175166 0.788051 0.179601 0.753201 0.195122 0.733286 0.219512 0.733997 0.228381 0.806543 0.186253 0.834282 0.151885 0.832859 0.144124 0.825036 0.145233 0.820768 0.136364 0.832148 0.111973 0.837838 0.107539 0.881935 0.034368 0.878378 0.001109 0.878745 0.0 0.852774 0.0
1 0.939507 0.0 0.932432 0.007761 0.929587 0.019956 0.908962 0.032151 0.899004 0.044346 0.877667 0.04878 0.874822 0.04102 0.87909 0.034368 0.876245 0.029933 0.868421 0.033259 0.865576 0.044346 0.855619 0.050998 0.837127 0.080931 0.835704 0.084257 0.842817 0.092018 0.842105 0.096452 0.835704 0.115299 0.830014 0.114191 0.829303 0.118625 0.829303 0.13969 0.837838 0.143016 0.842105 0.124169 0.857041 0.097561 0.869844 0.090909 0.891181 0.0898 0.906828 0.073171 0.935989 0.05765 0.938834 0.050998 0.9367 0.043237 0.951636 0.014412 0.951636 0.0 0.939507 0.0
1 0.750485 0.0 0.748933 0.008869 0.741821 0.02439 0.736842 0.066519 0.726174 0.097561 0.723329 0.131929 0.724751 0.145233 0.717639 0.16408 0.714794 0.165188 0.713371 0.179601 0.708393 0.181818 0.704125 0.190687 0.708393 0.196231 0.720484 0.189579 0.732575 0.172949 0.738976 0.149667 0.74111 0.124169 0.746799 0.109756 0.768137 0.087583 0.776671 0.067627 0.777383 0.04102 0.785206 0.013304 0.784865 0.0 0.750485 0.0
1 0.6899 0.210643 0.694168 0.208426 0.694168 0.202882 0.719061 0.185144 0.716216 0.172949 0.717639 0.148559 0.724751 0.134146 0.73542 0.094235 0.72973 0.070953 0.730441 0.049889 0.728307 0.043237 0.71266 0.026608 0.705548 0.026608 0.704836 0.034368 0.711238 0.050998 0.708393 0.055432 0.709815 0.066519 0.697724 0.090909 0.692034 0.087583 0.687767 0.093126 0.689189 0.101996 0.697013 0.104213 0.701991 0.110865 0.705548 0.138581 0.702703 0.160754 0.685633 0.197339 0.685633 0.206208 0.6899 0.210643
1 0.277383 0.5 0.268137 0.501109 0.265292 0.505543 0.256046 0.498891 0.253912 0.492239 0.248933 0.492239 0.248222 0.497783 0.252489 0.507761 0.290896 0.51663 0.295164 0.513304 0.300142 0.5 0.300853 0.478936 0.307255 0.45898 0.306543 0.425721 0.303698 0.415743 0.309388 0.396896 0.3101 0.371397 0.300142 0.371397 0.292319 0.403548 0.278805 0.404656 0.284495 0.413525 0.288762 0.437916 0.286629 0.455654 0.289474 0.456763 0.290896 0.466741 0.28734 0.471175 0.285206 0.490022 0.277383 0.5
1 0.175676 0.313747 0.169986 0.323725 0.167141 0.345898 0.169986 0.355876 0.179232 0.359202 0.199147 0.354767 0.197724 0.342572 0.191323 0.337029 0.181366 0.314856 0.175676 0.313747
1 0.20128 0.353659 0.196302 0.366962 0.199858 0.378049 0.211238 0.373614 0.215505 0.358093 0.219061 0.354767 0.216927 0.350333 0.209815 0.349224 0.20128 0.353659