1 0.210286 0.772589 0.212891 0.787817 0.223958 0.798985 0.234375 0.796954 0.236979 0.791878 0.242839 0.791878 0.250651 0.8 0.348307 0.79797 0.354167 0.791878 0.360026 0.773604 0.354167 0.75533 0.359375 0.732995 0.354818 0.728934 0.352865 0.707614 0.359375 0.692386 0.371094 0.684264 0.373698 0.675127 0.374349 0.652792 0.369141 0.646701 0.348307 0.651777 0.346354 0.66802 0.340495 0.680203 0.332682 0.683249 0.324219 0.679188 0.317708 0.672081 0.313151 0.672081 0.307292 0.658883 0.309245 0.626396 0.315755 0.607107 0.314453 0.595939 0.282552 0.592893 0.278646 0.59797 0.271484 0.59797 0.257161 0.612183 0.25651 0.622335 0.257812 0.630457 0.264323 0.641624 0.275391 0.694416 0.269531 0.699492 0.240885 0.702538 0.233724 0.685279 0.216797 0.674112 0.217448 0.693401 0.214844 0.709645 0.216797 0.722843 0.214844 0.736041 0.209635 0.737056 0.20638 0.748223 0.205078 0.764467 0.210286 0.772589
1 0.193359 0.796954 0.195964 0.801015 0.203125 0.80203 0.205729 0.783756 0.19987 0.75533 0.195312 0.752284 0.188802 0.767513 0.1875 0.777665 0.193359 0.796954
1 0.423177 0.696447 0.421224 0.714721 0.405599 0.741117 0.40625 0.750254 0.41276 0.764467 0.414062 0.777665 0.412109 0.781726 0.404948 0.77868 0.393229 0.760406 0.389323 0.759391 0.388021 0.767513 0.391927 0.790863 0.395833 0.8 0.410807 0.796954 0.438151 0.798985 0.441406 0.762437 0.444661 0.752284 0.455078 0.739086 0.45638 0.716751 0.477214 0.695431 0.478516 0.688325 0.470052 0.678173 0.461589 0.678173 0.453125 0.684264 0.449219 0.66802 0.445312 0.664975 0.428385 0.669036 0.414062 0.661929 0.410156 0.663959 0.407552 0.671066 0.408203 0.679188 0.423177 0.696447
1 0.366536 0.798985 0.377604 0.8 0.384115 0.784772 0.382812 0.766497 0.379557 0.765482 0.369792 0.773604 0.364583 0.783756 0.363932 0.792893 0.366536 0.798985
1 0.495443 0.8 0.498698 0.795939 0.501953 0.763452 0.496745 0.758376 0.490669 0.766836 0.478516 0.774619 0.480469 0.796954 0.495443 0.8
1 0.451823 0.8 0.470703 0.793909 0.470052 0.779695 0.460286 0.773604 0.450521 0.782741 0.449219 0.792893 0.451823 0.8
1 0.507161 0.790863 0.51237 0.79797 0.524089 0.795939 0.526693 0.786802 0.526042 0.770558 0.521484 0.765482 0.516927 0.751269 0.511719 0.749239 0.508464 0.75533 0.505859 0.771574 0.507161 0.790863
1 0.527344 0.717766 0.527995 0.75736 0.53776 0.771574 0.538411 0.790863 0.541667 0.794924 0.551432 0.793909 0.557943 0.777665 0.552734 0.747208 0.557292 0.729949 0.552734 0.722843 0.55013 0.71066 0.551432 0.695431 0.55013 0.692386 0.537109 0.695431 0.535156 0.68934 0.524089 0.688325 0.522135 0.695431 0.527344 0.717766
1 0.580078 0.79797 0.582682 0.794924 0.585938 0.777665 0.582031 0.771574 0.580729 0.75736 0.576823 0.75533 0.573568 0.758376 0.567708 0.780711 0.567057 0.795939 0.580078 0.79797
1 0.608073 0.795939 0.611328 0.780711 0.608073 0.767513 0.601562 0.763452 0.595052 0.765482 0.595052 0.793909 0.608073 0.795939
1 0.613281 0.641624 0.61263 0.649746 0.606771 0.659898 0.595703 0.648731 0.591146 0.648731 0.591797 0.676142 0.600911 0.702538 0.611979 0.709645 0.616536 0.716751 0.621094 0.747208 0.617839 0.772589 0.625 0.792893 0.63737 0.794924 0.648438 0.783756 0.677734 0.790863 0.726562 0.791878 0.72526 0.781726 0.720703 0.77665 0.716797 0.775635 0.711589 0.781726 0.70638 0.77868 0.703125 0.759391 0.696615 0.75533 0.688802 0.723858 0.698568 0.705584 0.69987 0.691371 0.689453 0.659898 0.684896 0.660914 0.682292 0.66802 0.669922 0.661929 0.664714 0.678173 0.657552 0.680203 0.65625 0.684264 0.645833 0.66802 0.64974 0.640609 0.664062 0.611168 0.662109 0.6 0.653646 0.59797 0.630859 0.60203 0.615234 0.59797 0.60612 0.607107 0.60612 0.62132 0.613281 0.641624
1 0.107422 0.726904 0.108724 0.746193 0.097656 0.772589 0.104818 0.8 0.116536 0.8 0.123047 0.788832 0.121745 0.783756 0.125651 0.754315 0.133464 0.745178 0.134766 0.714721 0.130208 0.701523 0.129557 0.690355 0.123047 0.676142 0.104818 0.672081 0.098307 0.683249 0.098307 0.700508 0.107422 0.726904
1 0.152344 0.754315 0.146484 0.763452 0.143229 0.763452 0.139323 0.775635 0.128906 0.786802 0.129557 0.791878 0.136719 0.804061 0.175781 0.801015 0.180339 0.787817 0.182943 0.759391 0.188802 0.751269 0.192057 0.739086 0.189453 0.723858 0.185547 0.720812 0.172526 0.727919 0.165365 0.708629 0.148438 0.713706 0.142578 0.71066 0.140625 0.713706 0.145182 0.738071 0.152344 0.754315
1 0.039062 0.68731 0.038411 0.699492 0.042318 0.715736 0.041016 0.751269 0.045573 0.762437 0.045573 0.789848 0.048177 0.8 0.055339 0.8 0.059245 0.795939 0.061849 0.77868 0.078125 0.729949 0.078125 0.722843 0.070312 0.704569 0.072917 0.685279 0.042969 0.657868 0.035156 0.657868 0.032552 0.664975 0.031901 0.675127 0.039062 0.68731
1 0.07487 0.792893 0.076823 0.801015 0.088542 0.804061 0.095052 0.761421 0.091797 0.759391 0.083984 0.766497 0.079427 0.77868 0.073568 0.777665 0.072917 0.767513 0.069661 0.767513 0.06901 0.785787 0.07487 0.792893
1 0.0 0.801015 0.01237 0.788832 0.015625 0.8 0.030599 0.798985 0.038411 0.788832 0.039062 0.75533 0.035807 0.750254 0.025391 0.706599 0.010417 0.680203 0.005208 0.676142 0.003255 0.680203 0.005859 0.71269 0.0 0.742132 0.0 0.801015
1 0.75651 0.57665 0.752604 0.590863 0.753906 0.6 0.764974 0.618274 0.766276 0.629442 0.770182 0.632487 0.775391 0.679188 0.770833 0.690355 0.770182 0.711675 0.772786 0.716751 0.800781 0.723858 0.804688 0.750254 0.802083 0.75533 0.796224 0.75736 0.796224 0.787817 0.8125 0.787817 0.822266 0.782741 0.856771 0.788832 0.865885 0.785787 0.86849 0.771574 0.860026 0.756345 0.859375 0.735025 0.854818 0.732995 0.851888 0.737563 0.842448 0.722843 0.849609 0.704569 0.849609 0.697462 0.828125 0.695431 0.823568 0.684264 0.826823 0.663959 0.847656 0.625381 0.846354 0.609137 0.850911 0.595939 0.85026 0.579695 0.861328 0.560406 0.860677 0.552284 0.852214 0.547208 0.847005 0.539086 0.842448 0.539086 0.832682 0.567513 0.829427 0.570558 0.822917 0.563452 0.823568 0.548223 0.817708 0.537056 0.817057 0.524873 0.801432 0.525888 0.780599 0.535025 0.76888 0.527919 0.761719 0.527919 0.758464 0.537056 0.748047 0.532995 0.744792 0.543147 0.75651 0.57665
1 0.711589 0.684264 0.738932 0.724873 0.735026 0.739086 0.724609 0.732995 0.722656 0.742132 0.732422 0.752284 0.736979 0.770558 0.736328 0.777665 0.751953 0.791878 0.759115 0.780711 0.753255 0.747208 0.758464 0.729949 0.758464 0.703553 0.76237 0.68934 0.759766 0.659898 0.75 0.654822 0.748047 0.647716 0.744141 0.646701 0.741536 0.659898 0.731771 0.663959 0.727214 0.676142 0.722005 0.678173 0.710938 0.650761 0.705729 0.650761 0.705078 0.66599 0.711589 0.684264
1 0.898438 0.781726 0.919922 0.788832 0.927734 0.785787 0.929036 0.77868 0.92513 0.768528 0.908854 0.763452 0.903646 0.752284 0.917969 0.711675 0.913411 0.691371 0.914714 0.674112 0.899089 0.677157 0.89388 0.66599 0.891927 0.685279 0.895833 0.707614 0.891927 0.716751 0.886719 0.715736 0.884115 0.720812 0.884766 0.782741 0.898438 0.781726
1 0.935547 0.782741 0.954427 0.784772 0.963542 0.780711 0.965495 0.785787 0.971354 0.787817 0.999349 0.783756 0.999349 0.767513 0.994792 0.753299 0.985026 0.750254 0.979167 0.753299 0.970052 0.735025 0.932943 0.766497 0.932292 0.773604 0.935547 0.782741
1 0.777995 0.791878 0.785156 0.784772 0.782552 0.773604 0.779297 0.770558 0.772135 0.771574 0.769531 0.77665 0.768229 0.792893 0.777995 0.791878