1 0.048177 0.506599 0.056641 0.500508 0.08138 0.503553 0.092448 0.499492 0.100911 0.501523 0.104818 0.506599 0.119792 0.500508 0.132812 0.504569 0.145833 0.536041 0.14388 0.553299 0.141276 0.556345 0.150391 0.563452 0.15625 0.563452 0.158854 0.568528 0.154948 0.572589 0.157552 0.577665 0.161458 0.577665 0.169271 0.594924 0.167969 0.567513 0.158854 0.514721 0.126953 0.429442 0.115885 0.433503 0.114583 0.454822 0.111328 0.464975 0.098958 0.470051 0.082031 0.467005 0.07487 0.454822 0.072917 0.433503 0.070964 0.430457 0.064453 0.431472 0.061849 0.433503 0.054036 0.460914 0.039714 0.484264 0.039714 0.491371 0.048177 0.506599
1 0.028646 0.53198 0.035156 0.552284 0.042969 0.559391 0.046224 0.579695 0.05013 0.579695 0.052083 0.587817 0.076172 0.60203 0.077474 0.614213 0.078776 0.611168 0.08138 0.614213 0.083333 0.603046 0.097656 0.596954 0.106771 0.611168 0.111328 0.626396 0.108724 0.643655 0.126302 0.64467 0.128255 0.641624 0.127604 0.629442 0.116536 0.605076 0.113281 0.583756 0.107422 0.582741 0.092448 0.569543 0.086589 0.572589 0.07487 0.569543 0.051432 0.545178 0.041667 0.513706 0.030599 0.514721 0.027995 0.518782 0.028646 0.53198
1 0.156901 0.328934 0.160807 0.329949 0.166016 0.322843 0.166016 0.314721 0.161458 0.307614 0.154297 0.316751 0.153646 0.324873 0.156901 0.328934
1 0.150391 0.358376 0.153646 0.363452 0.157552 0.362437 0.157552 0.332995 0.150391 0.329949 0.146484 0.33401 0.145833 0.344162 0.150391 0.358376
1 0.119141 0.316751 0.134766 0.313706 0.136068 0.300508 0.129557 0.286294 0.119792 0.284264 0.116536 0.290355 0.116536 0.308629 0.119141 0.316751
1 0.204427 0.341117 0.217448 0.404061 0.227865 0.426396 0.244792 0.483249 0.250651 0.490355 0.260417 0.492386 0.263021 0.48731 0.263021 0.477157 0.250651 0.445685 0.25 0.433503 0.257161 0.40203 0.261719 0.394924 0.244141 0.395939 0.229167 0.369543 0.223958 0.349239 0.229167 0.316751 0.21875 0.294416 0.212891 0.292386 0.202474 0.296447 0.197917 0.293401 0.19401 0.297462 0.186849 0.315736 0.204427 0.341117
1 0.251953 0.306599 0.259115 0.332995 0.259766 0.347208 0.251302 0.398985 0.246745 0.40203 0.246745 0.411168 0.248698 0.412183 0.249349 0.409137 0.255859 0.411168 0.263021 0.403046 0.283854 0.323858 0.297526 0.308629 0.301432 0.281218 0.296224 0.263959 0.291016 0.263959 0.288411 0.272081 0.291667 0.281218 0.286458 0.291371 0.284505 0.304569 0.278646 0.311675 0.275391 0.322843 0.26888 0.324873 0.266927 0.321827 0.265625 0.290355 0.26237 0.290355 0.257161 0.277157 0.258464 0.275127 0.252604 0.267005 0.244141 0.271066 0.242839 0.294416 0.251953 0.306599
1 0.261719 0.472081 0.279297 0.469036 0.283854 0.463959 0.284505 0.447716 0.28125 0.447716 0.268555 0.462944 0.254557 0.462944 0.253255 0.46599 0.261719 0.472081
1 0.289714 0.458883 0.291667 0.446701 0.289062 0.445685 0.285156 0.451777 0.282552 0.464975 0.289714 0.458883
1 0.289714 0.405076 0.291667 0.386802 0.289714 0.383756 0.287109 0.385787 0.286458 0.398985 0.289714 0.405076
1 0.290365 0.443655 0.325521 0.393909 0.316406 0.386802 0.313151 0.377665 0.307292 0.37665 0.304688 0.379695 0.302734 0.395939 0.295573 0.405076 0.294271 0.413198 0.287109 0.417259 0.285807 0.422335 0.290365 0.443655
1 0.316406 0.523858 0.316406 0.537056 0.311198 0.549239 0.309245 0.575635 0.304688 0.587817 0.305339 0.6 0.310547 0.604061 0.322917 0.585787 0.328776 0.556345 0.335938 0.537056 0.335938 0.527919 0.332682 0.523858 0.328125 0.495431 0.315104 0.48731 0.307943 0.494416 0.308594 0.503553 0.316406 0.523858
1 0.310547 0.64264 0.3125 0.629442 0.309896 0.610152 0.307292 0.609137 0.303385 0.616244 0.302734 0.628426 0.310547 0.64264
1 0.340983 0.556091 0.330729 0.648731 0.321615 0.673096 0.324219 0.696447 0.334635 0.722843 0.336589 0.705584 0.343099 0.685279 0.351562 0.676142 0.35612 0.663959 0.375651 0.545178 0.371745 0.539086 0.367188 0.545178 0.36263 0.545178 0.361328 0.552284 0.352865 0.556345 0.341797 0.536041 0.338542 0.53401 0.33724 0.540102 0.33724 0.549239 0.340983 0.556091
1 0.088542 0.855838 0.095052 0.86599 0.104167 0.861929 0.11849 0.86599 0.126953 0.858883 0.143229 0.857868 0.159505 0.86599 0.164062 0.875127 0.16862 0.875127 0.181641 0.863959 0.20638 0.86599 0.216797 0.861929 0.230469 0.845685 0.223307 0.839594 0.212891 0.840609 0.209635 0.837563 0.19987 0.841624 0.179688 0.829442 0.156901 0.832487 0.147786 0.826396 0.136719 0.810152 0.106771 0.835533 0.092448 0.831472 0.088542 0.834518 0.088542 0.855838
1 0.195312 0.958376 0.217448 0.949239 0.242839 0.960406 0.251953 0.970558 0.269531 0.951269 0.283854 0.959391 0.289714 0.968528 0.291667 0.963452 0.283203 0.941117 0.266276 0.935025 0.264974 0.923858 0.266927 0.921827 0.259766 0.915736 0.236979 0.916751 0.23112 0.926904 0.21224 0.926904 0.191406 0.942132 0.190104 0.952284 0.195312 0.958376
1 0.240885 0.940102 0.250651 0.938071 0.26237 0.943147 0.264323 0.937056 0.269531 0.937056 0.275391 0.944162 0.289714 0.936041 0.303385 0.939086 0.319661 0.951269 0.328776 0.950254 0.342448 0.961421 0.360677 0.998985 0.369141 1.0 0.364583 0.962437 0.369141 0.953299 0.370443 0.938071 0.367188 0.929949 0.351562 0.921827 0.345703 0.911675 0.320964 0.906599 0.31901 0.916751 0.311849 0.917766 0.309896 0.911675 0.30013 0.918782 0.268229 0.91066 0.235677 0.920812 0.236328 0.935025 0.240885 0.940102
1 0.385417 0.727919 0.385417 0.735025 0.393229 0.748223 0.391276 0.760406 0.382161 0.769543 0.391927 0.775635 0.401042 0.789848 0.389323 0.806091 0.390625 0.82132 0.397786 0.830457 0.398438 0.862944 0.401042 0.867005 0.41862 0.859898 0.420573 0.849746 0.417318 0.838579 0.41862 0.822335 0.416016 0.810152 0.421224 0.786802 0.432292 0.763452 0.426432 0.736041 0.435547 0.711675 0.434896 0.695431 0.422526 0.695431 0.408854 0.679188 0.397786 0.682234 0.386719 0.671066 0.380208 0.695431 0.378906 0.727919 0.385417 0.727919
1 0.339193 0.284264 0.337891 0.290355 0.349609 0.31269 0.359375 0.316751 0.371745 0.332995 0.378255 0.367513 0.395182 0.385787 0.416667 0.385787 0.415365 0.377665 0.401042 0.369543 0.365885 0.263959 0.358073 0.259898 0.348958 0.262944 0.344401 0.281218 0.339193 0.284264
1 0.392578 0.285279 0.393229 0.28934 0.400391 0.293401 0.400391 0.302538 0.395833 0.308629 0.396484 0.314721 0.400391 0.319797 0.411458 0.317766 0.427734 0.330964 0.434896 0.353299 0.444661 0.366497 0.447266 0.384772 0.459635 0.396954 0.462891 0.395939 0.464193 0.386802 0.453776 0.346701 0.451172 0.320812 0.445964 0.31066 0.426432 0.290355 0.422526 0.267005 0.422526 0.24467 0.417969 0.240609 0.404297 0.24264 0.406901 0.273096 0.392578 0.285279
1 0.377604 0.214213 0.392578 0.208122 0.395182 0.19797 0.392578 0.184772 0.378255 0.184772 0.373047 0.189848 0.373047 0.212183 0.377604 0.214213
1 0.378906 0.150254 0.376953 0.160406 0.384115 0.159391 0.38737 0.139086 0.397786 0.117766 0.393229 0.103553 0.384766 0.105584 0.38151 0.11269 0.376302 0.132995 0.378906 0.150254
1 0.403646 0.06802 0.421875 0.06599 0.43099 0.039594 0.43099 0.031472 0.427083 0.025381 0.415365 0.029442 0.402344 0.027411 0.395833 0.032487 0.395833 0.045685 0.403646 0.06802
1 0.432943 0.126904 0.434245 0.141117 0.443359 0.153299 0.448568 0.153299 0.457031 0.13401 0.457031 0.122843 0.441406 0.114721 0.430339 0.099492 0.42513 0.103553 0.424479 0.113706 0.432943 0.126904
1 0.483724 0.124873 0.490234 0.137056 0.503255 0.140102 0.507161 0.136041 0.501953 0.107614 0.486979 0.096447 0.48112 0.096447 0.475911 0.102538 0.476562 0.118782 0.483724 0.124873
1 0.470703 0.055838 0.483073 0.052792 0.489583 0.043655 0.481771 0.032487 0.462891 0.029442 0.458333 0.024365 0.457031 0.016244 0.443359 0.032487 0.444661 0.041624 0.470703 0.055838
1 0.531901 0.0 0.527344 0.009137 0.518229 0.009137 0.51237 0.02132 0.51237 0.032487 0.528646 0.053807 0.535807 0.054822 0.554036 0.037563 0.548828 0.017259 0.55013 0.005076 0.547526 0.0 0.531901 0.0
1 0.552083 0.142132 0.564453 0.144162 0.56901 0.140102 0.565755 0.136041 0.567057 0.102538 0.54362 0.108629 0.542969 0.114721 0.552083 0.142132
1 0.602214 0.13401 0.613932 0.125888 0.625 0.109645 0.623047 0.101523 0.619141 0.101523 0.61263 0.11066 0.607422 0.111675 0.598958 0.091371 0.594401 0.096447 0.591146 0.107614 0.592448 0.121827 0.602214 0.13401
1 0.619141 0.022335 0.621094 0.035533 0.625 0.041624 0.63151 0.043655 0.641927 0.036548 0.641276 0.019289 0.623047 0.012183 0.619141 0.012183 0.619141 0.022335
1 0.51888 0.24467 0.535807 0.290355 0.537109 0.297462 0.533854 0.31066 0.547526 0.328934 0.553385 0.356345 0.559896 0.371574 0.563802 0.375635 0.567057 0.373604 0.567057 0.332995 0.561198 0.326904 0.5625 0.309645 0.559245 0.291371 0.544922 0.277157 0.539062 0.259898 0.539062 0.24467 0.551432 0.220305 0.539714 0.210152 0.531901 0.216244 0.517578 0.213198 0.511068 0.219289 0.510417 0.232487 0.51888 0.24467
1 0.572266 0.234518 0.578776 0.255838 0.572917 0.263959 0.570312 0.276142 0.558594 0.28731 0.558594 0.294416 0.5625 0.297462 0.567708 0.295431 0.571615 0.307614 0.573568 0.294416 0.584635 0.282234 0.589844 0.292386 0.596354 0.288325 0.598958 0.26802 0.597656 0.243655 0.606771 0.222335 0.601562 0.205076 0.609375 0.194924 0.613281 0.182741 0.611979 0.175635 0.604818 0.174619 0.597656 0.189848 0.589844 0.195939 0.567057 0.191878 0.5625 0.19797 0.560547 0.209137 0.561198 0.217259 0.572266 0.234518
1 0.600911 0.323858 0.60612 0.336041 0.608073 0.379695 0.61849 0.387817 0.623047 0.40203 0.628906 0.410152 0.643229 0.411168 0.646484 0.405076 0.641276 0.388832 0.641927 0.380711 0.630859 0.366497 0.630208 0.356345 0.625651 0.349239 0.625651 0.340102 0.636068 0.317766 0.636068 0.304569 0.640625 0.290355 0.644531 0.259898 0.652995 0.249746 0.659505 0.232487 0.648438 0.219289 0.652344 0.20203 0.643229 0.20203 0.634766 0.217259 0.632812 0.229442 0.636719 0.253807 0.623047 0.292386 0.603516 0.295431 0.591146 0.290355 0.591146 0.313706 0.600911 0.323858
1 0.66276 0.33198 0.664062 0.352284 0.660156 0.367513 0.648438 0.383756 0.645182 0.396954 0.642578 0.418274 0.649089 0.427411 0.651693 0.427411 0.655599 0.418274 0.674154 0.404061 0.689453 0.39797 0.688802 0.393909 0.692708 0.386802 0.691406 0.379695 0.682292 0.367513 0.677083 0.352284 0.684245 0.330964 0.699219 0.309645 0.69987 0.293401 0.707682 0.253807 0.724609 0.214213 0.727865 0.203046 0.727214 0.193909 0.722656 0.189848 0.711589 0.211168 0.703776 0.206091 0.695312 0.206091 0.69401 0.210152 0.684245 0.206091 0.684245 0.19797 0.680339 0.191878 0.67513 0.190863 0.673828 0.205076 0.679036 0.216244 0.684245 0.220305 0.689453 0.239594 0.690104 0.259898 0.6875 0.271066 0.671875 0.288325 0.669271 0.296447 0.664062 0.290355 0.661458 0.26599 0.656901 0.262944 0.653646 0.271066 0.653646 0.305584 0.66276 0.33198
1 0.485026 0.33401 0.494792 0.371574 0.492839 0.388832 0.516927 0.426396 0.526042 0.455838 0.531901 0.462944 0.534505 0.478173 0.532552 0.482234 0.542969 0.499492 0.553385 0.503553 0.557292 0.501523 0.561849 0.490355 0.552083 0.46599 0.545573 0.457868 0.539714 0.436548 0.539714 0.424365 0.544922 0.411168 0.54362 0.391878 0.532552 0.384772 0.529948 0.374619 0.526042 0.379695 0.522135 0.37665 0.509766 0.346193 0.513021 0.328934 0.524089 0.31066 0.522135 0.302538 0.515625 0.300508 0.496745 0.306599 0.488932 0.283249 0.483724 0.277157 0.480469 0.280203 0.472656 0.275127 0.470052 0.263959 0.466146 0.267005 0.461589 0.28731 0.467448 0.31066 0.485026 0.33401
1 0.463542 0.26599 0.470703 0.26599 0.475911 0.259898 0.475911 0.247716 0.473307 0.24467 0.466797 0.24467 0.461589 0.250761 0.460286 0.259898 0.463542 0.26599
1 0.549479 0.518782 0.55013 0.546193 0.557943 0.570558 0.558594 0.583756 0.572266 0.610152 0.570964 0.645685 0.565755 0.650761 0.567057 0.664975 0.57487 0.673096 0.585938 0.656853 0.588542 0.647716 0.590495 0.610152 0.595703 0.587817 0.59375 0.57868 0.598958 0.560406 0.580729 0.552284 0.572266 0.538071 0.572917 0.513706 0.580078 0.48731 0.577474 0.475127 0.570964 0.474112 0.537109 0.494416 0.539062 0.502538 0.549479 0.518782
1 0.416016 0.504569 0.428385 0.514721 0.431641 0.53198 0.432943 0.565482 0.427083 0.570558 0.42513 0.577665 0.424479 0.588832 0.427083 0.594924 0.432943 0.594924 0.4375 0.6 0.445964 0.594924 0.449219 0.596954 0.447917 0.604061 0.454427 0.609137 0.460286 0.632487 0.45638 0.641624 0.457031 0.648731 0.465495 0.662944 0.482422 0.677157 0.48763 0.691371 0.498047 0.696447 0.498698 0.680203 0.489583 0.659898 0.483724 0.630457 0.483073 0.59797 0.462891 0.559391 0.453125 0.526904 0.453776 0.513706 0.450521 0.502538 0.438151 0.48934 0.429688 0.464975 0.419922 0.457868 0.416016 0.446701 0.408203 0.438579 0.404297 0.439594 0.406901 0.460914 0.395833 0.485279 0.397135 0.506599 0.416016 0.504569
1 0.429036 0.327919 0.433594 0.349239 0.443359 0.372589 0.444661 0.385787 0.441406 0.394924 0.434245 0.398985 0.434896 0.407107 0.440755 0.411168 0.448568 0.410152 0.454427 0.417259 0.460938 0.433503 0.461589 0.456853 0.471354 0.472081 0.477214 0.477157 0.486328 0.472081 0.482422 0.420305 0.470052 0.39797 0.453776 0.340102 0.450521 0.317766 0.428385 0.293401 0.419922 0.292386 0.417318 0.295431 0.417969 0.314721 0.429036 0.327919
1 0.481771 0.499492 0.492839 0.519797 0.496094 0.53198 0.498047 0.566497 0.503255 0.580711 0.517578 0.601015 0.527995 0.635533 0.53125 0.657868 0.539062 0.667005 0.544922 0.681218 0.557292 0.684264 0.55599 0.656853 0.55013 0.646701 0.542969 0.620305 0.544922 0.60203 0.549479 0.598985 0.55013 0.592893 0.547526 0.573604 0.542969 0.569543 0.534505 0.569543 0.521484 0.559391 0.514323 0.540102 0.51237 0.502538 0.503255 0.483249 0.494141 0.478173 0.48763 0.46802 0.479167 0.475127 0.476562 0.483249 0.475911 0.494416 0.481771 0.499492
1 0.218099 0.564467 0.214193 0.572589 0.225911 0.584772 0.233073 0.62132 0.233073 0.673096 0.251302 0.684264 0.263672 0.716751 0.279297 0.739086 0.282552 0.742132 0.286458 0.740102 0.28125 0.722843 0.281901 0.694416 0.286458 0.683249 0.28125 0.685279 0.251302 0.62335 0.251953 0.609137 0.258464 0.586802 0.25651 0.564467 0.251953 0.556345 0.242839 0.562437 0.23112 0.558376 0.222005 0.535025 0.223307 0.514721 0.221354 0.509645 0.214193 0.51066 0.213542 0.524873 0.212891 0.55736 0.218099 0.564467
1 0.292318 0.819289 0.302734 0.836548 0.320964 0.848731 0.322917 0.845685 0.320964 0.833503 0.315755 0.832487 0.307292 0.808122 0.304688 0.765482 0.294271 0.745178 0.28125 0.73401 0.28776 0.763452 0.292318 0.819289
1 0.16862 0.483249 0.169271 0.488325 0.175781 0.497462 0.194661 0.51066 0.201823 0.546193 0.217448 0.575635 0.220703 0.572589 0.220703 0.564467 0.193359 0.467005 0.190104 0.436548 0.184245 0.432487 0.179688 0.434518 0.178385 0.439594 0.179688 0.469036 0.16862 0.483249
1 0.192708 0.479188 0.213542 0.506599 0.216146 0.521827 0.220052 0.528934 0.222656 0.51066 0.230469 0.496447 0.232422 0.479188 0.229818 0.471066 0.223958 0.467005 0.21224 0.474112 0.192057 0.463959 0.188802 0.46802 0.192708 0.479188
1 0.179036 0.622335 0.177734 0.634518 0.1875 0.650761 0.190755 0.662944 0.188802 0.664975 0.190755 0.675127 0.188151 0.680203 0.197266 0.693401 0.203125 0.71066 0.205078 0.726904 0.212891 0.741117 0.251953 0.772589 0.276693 0.775635 0.290365 0.795939 0.290365 0.790863 0.294922 0.784772 0.29362 0.767513 0.291016 0.770558 0.284505 0.765482 0.279297 0.753299 0.273438 0.753299 0.261719 0.73401 0.255208 0.730964 0.240885 0.738071 0.227865 0.725888 0.210286 0.669036 0.201823 0.657868 0.191406 0.630457 0.191406 0.611168 0.178385 0.588832 0.173828 0.591878 0.173177 0.604061 0.179036 0.622335
1 0.01237 0.672081 0.016276 0.680203 0.027995 0.685279 0.036458 0.698477 0.042969 0.698477 0.066406 0.677157 0.089193 0.684264 0.128255 0.678173 0.156901 0.690355 0.181641 0.681218 0.190104 0.685279 0.202474 0.698477 0.210938 0.692386 0.209635 0.677157 0.199219 0.662944 0.199219 0.656853 0.18099 0.652792 0.178385 0.648731 0.156901 0.653807 0.140625 0.643655 0.13737 0.633503 0.119792 0.629442 0.11263 0.643655 0.091797 0.647716 0.084635 0.643655 0.08138 0.634518 0.06901 0.627411 0.068359 0.617259 0.063802 0.614213 0.059896 0.619289 0.065755 0.625381 0.067057 0.635533 0.065104 0.643655 0.049479 0.637563 0.035807 0.648731 0.025391 0.646701 0.01888 0.640609 0.015625 0.64467 0.015625 0.658883 0.01237 0.672081
1 0.223958 0.878173 0.227214 0.881218 0.230469 0.877157 0.229818 0.871066 0.242188 0.86802 0.251302 0.874112 0.257812 0.884264 0.259766 0.898477 0.25651 0.91066 0.253255 0.911675 0.289714 0.927919 0.296875 0.927919 0.301432 0.922843 0.309245 0.923858 0.309896 0.904569 0.302083 0.914721 0.296875 0.913706 0.286458 0.897462 0.285156 0.880203 0.290365 0.876142 0.286458 0.86802 0.27474 0.86802 0.261719 0.861929 0.249349 0.848731 0.238281 0.84264 0.22526 0.849746 0.222656 0.864975 0.223958 0.878173
1 0.266927 0.502538 0.271484 0.514721 0.276042 0.518782 0.289714 0.495431 0.287109 0.480203 0.289714 0.463959 0.28776 0.458883 0.279948 0.460914 0.26888 0.480203 0.264974 0.48731 0.266927 0.502538
1 0.320312 1.0 0.313151 0.986802 0.310547 0.968528 0.295573 0.970558 0.29362 0.980711 0.292544 1.0 0.320312 1.0
1 0.43457 1.0 0.416016 0.942132 0.417969 0.939086 0.416016 0.926904 0.397135 0.900508 0.38737 0.900508 0.395182 0.929949 0.396484 0.952284 0.400391 0.956345 0.408854 0.982741 0.404297 1.0 0.43457 1.0
1 0.335013 0.851102 0.335286 0.851102 0.335286 0.849406 0.335013 0.849406 0.335013 0.851102
1 0.54974 1.0 0.540365 0.979695 0.540365 0.972589 0.548177 0.954315 0.538411 0.927919 0.518229 0.911675 0.514974 0.903553 0.51237 0.891371 0.514323 0.874112 0.51237 0.858883 0.478516 0.835533 0.467448 0.84264 0.467448 0.851777 0.522984 1.0 0.54974 1.0
1 0.353516 0.856853 0.376953 0.870051 0.376302 0.853807 0.356771 0.833503 0.351562 0.833503 0.345052 0.841624 0.344401 0.845685 0.353516 0.856853
1 0.310547 0.864975 0.318359 0.883249 0.323568 0.918782 0.330729 0.926904 0.348958 0.970558 0.351562 0.973604 0.358073 0.970558 0.360026 0.967513 0.359375 0.926904 0.339844 0.898477 0.33724 0.880203 0.341146 0.860914 0.338542 0.849746 0.33138 0.834518 0.320964 0.833503 0.3125 0.84467 0.309245 0.849746 0.310547 0.864975
1 0.164062 0.762437 0.173828 0.759391 0.195964 0.774619 0.201823 0.772589 0.218099 0.785787 0.246094 0.834518 0.267578 0.836548 0.302734 0.857868 0.311198 0.850761 0.318359 0.850761 0.30599 0.84264 0.303385 0.833503 0.287109 0.820305 0.276693 0.82132 0.258464 0.814213 0.244792 0.783756 0.204427 0.752284 0.164714 0.729949 0.157552 0.732995 0.151042 0.748223 0.150391 0.75736 0.164062 0.762437
1 0.139974 0.783756 0.149089 0.773604 0.156033 0.773604 0.171224 0.787817 0.176432 0.785787 0.158203 0.765482 0.149089 0.763452 0.139323 0.768528 0.136719 0.781726 0.139974 0.783756
1 0.093099 0.862944 0.164714 0.876142 0.179688 0.864975 0.190104 0.861929 0.210286 0.867005 0.238281 0.855838 0.241536 0.850761 0.220703 0.838579 0.19401 0.815228 0.182292 0.790863 0.17513 0.79797 0.176432 0.827411 0.171224 0.831472 0.152995 0.830457 0.138672 0.812183 0.136068 0.803046 0.13151 0.814213 0.108073 0.837563 0.097656 0.832487 0.089193 0.834518 0.089193 0.854822 0.093099 0.862944
1 0.241536 0.490355 0.26237 0.521827 0.275391 0.579695 0.278646 0.584772 0.286458 0.583756 0.288411 0.574619 0.284505 0.568528 0.26888 0.48731 0.247396 0.455838 0.240885 0.456853 0.241536 0.490355
1 0.090495 0.561421 0.122396 0.581726 0.158203 0.587817 0.152344 0.577665 0.132161 0.564467 0.104167 0.53198 0.092448 0.522843 0.08724 0.524873 0.08138 0.549239 0.090495 0.561421
1 0.015465 0.582487 0.016279 0.582487 0.016279 0.579949 0.015465 0.579949 0.015465 0.582487
1 0.032552 0.539086 0.042969 0.538071 0.039714 0.515736 0.034505 0.513706 0.029297 0.517766 0.029297 0.530964 0.032552 0.539086
1 0.020182 0.601015 0.033854 0.594924 0.042969 0.59797 0.052734 0.609137 0.057943 0.622335 0.067708 0.627411 0.067708 0.586802 0.057292 0.57868 0.044271 0.552284 0.031901 0.547208 0.01888 0.556345 0.013021 0.57868 0.014974 0.598985 0.020182 0.601015
1 0.370443 0.750254 0.378255 0.753299 0.384766 0.748223 0.385417 0.740102 0.373047 0.725888 0.369141 0.739086 0.370443 0.750254
1 0.324219 0.768528 0.334635 0.773604 0.344401 0.791878 0.347005 0.811168 0.360026 0.811168 0.369792 0.777665 0.36263 0.743147 0.334635 0.713706 0.333333 0.723858 0.322917 0.732995 0.317708 0.749239 0.317057 0.759391 0.324219 0.768528
1 0.460938 0.681218 0.477214 0.682234 0.484375 0.68934 0.492188 0.714213 0.490885 0.73401 0.49349 0.749239 0.514323 0.77868 0.53125 0.826396 0.541667 0.827411 0.541016 0.779695 0.535807 0.761421 0.521484 0.742132 0.514323 0.719797 0.513021 0.701861 0.51888 0.680203 0.509115 0.658883 0.504557 0.655838 0.501302 0.669036 0.496094 0.676142 0.485677 0.656853 0.457682 0.667005 0.45638 0.673096 0.460938 0.681218
1 0.55013 0.883249 0.559245 0.907614 0.568359 0.919797 0.565104 0.881218 0.556641 0.859898 0.554688 0.84264 0.532552 0.824365 0.531901 0.858883 0.55013 0.883249
1 0.549479 0.880203 0.568359 0.932995 0.572917 0.941117 0.578776 0.941117 0.582682 0.918782 0.574219 0.906599 0.570312 0.88731 0.574219 0.870051 0.582682 0.856853 0.580078 0.820305 0.57487 0.819289 0.569661 0.830457 0.553385 0.825381 0.540365 0.803046 0.539062 0.812183 0.53125 0.817259 0.535807 0.860914 0.549479 0.880203
1 0.616536 0.518782 0.613281 0.53401 0.619141 0.549239 0.622396 0.579695 0.632161 0.603046 0.632812 0.629442 0.630859 0.634518 0.634766 0.637563 0.638021 0.635533 0.641276 0.62335 0.640625 0.568528 0.632161 0.549239 0.628255 0.522843 0.640625 0.491371 0.641276 0.482234 0.63737 0.476142 0.61849 0.476142 0.615234 0.480203 0.609375 0.491371 0.616536 0.518782
1 0.629557 0.73198 0.63737 0.73401 0.639974 0.721827 0.63737 0.71066 0.632161 0.704569 0.633464 0.695431 0.643229 0.682234 0.654297 0.686294 0.654297 0.679188 0.643229 0.677157 0.641276 0.669036 0.642578 0.654822 0.646484 0.641624 0.655599 0.626396 0.660807 0.59797 0.66862 0.580711 0.672526 0.55736 0.689453 0.498477 0.683594 0.492386 0.678385 0.478173 0.667969 0.476142 0.664714 0.479188 0.660156 0.497462 0.660807 0.506599 0.623047 0.663959 0.623047 0.705584 0.629557 0.73198
1 0.71875 0.326904 0.721354 0.341117 0.715495 0.369543 0.705729 0.386802 0.700521 0.430457 0.683594 0.472081 0.683594 0.48731 0.686849 0.497462 0.685547 0.505584 0.703776 0.491371 0.707682 0.462944 0.709635 0.461929 0.707682 0.453807 0.715495 0.425381 0.723958 0.408122 0.733724 0.404061 0.736328 0.396954 0.739583 0.380711 0.73763 0.364467 0.741536 0.35533 0.742188 0.330964 0.748698 0.317766 0.752604 0.299492 0.763021 0.281218 0.770182 0.237563 0.761068 0.234518 0.753906 0.240609 0.742188 0.276142 0.731771 0.28934 0.725911 0.286294 0.713542 0.263959 0.711589 0.26802 0.720052 0.296447 0.71875 0.326904
1 0.73763 0.538071 0.744141 0.508629 0.770182 0.479188 0.767578 0.458883 0.78125 0.410152 0.804036 0.394924 0.807292 0.373604 0.798177 0.364467 0.796875 0.348223 0.798828 0.33401 0.805339 0.321827 0.828125 0.308629 0.830729 0.303553 0.830078 0.294416 0.822917 0.284264 0.82487 0.240609 0.822266 0.236548 0.819661 0.236548 0.815104 0.245685 0.809245 0.247716 0.811198 0.259898 0.806641 0.277157 0.795573 0.291371 0.792318 0.306599 0.782552 0.324873 0.777344 0.368528 0.764974 0.403046 0.75651 0.412183 0.748698 0.447716 0.738932 0.460914 0.729167 0.483249 0.726562 0.509645 0.726562 0.525888 0.73763 0.538071
1 0.684245 0.388155 0.6875 0.414213 0.692057 0.430457 0.696615 0.432487 0.695312 0.383756 0.681641 0.362437 0.679688 0.364467 0.677083 0.371574 0.684245 0.388155
1 0.696615 0.454822 0.701172 0.448731 0.697266 0.44264 0.694661 0.443655 0.69401 0.452792 0.696615 0.454822
1 0.833333 0.305584 0.86263 0.298477 0.865885 0.294416 0.865234 0.28934 0.884115 0.277157 0.883464 0.251777 0.86849 0.246701 0.864583 0.263959 0.858724 0.274112 0.828125 0.291371 0.826823 0.298477 0.833333 0.305584
1 0.922526 0.274112 0.923828 0.274112 0.923828 0.272589 0.922526 0.272589 0.922526 0.274112
1 0.860677 0.126904 0.876953 0.120812 0.889974 0.121827 0.891276 0.117766 0.884115 0.096447 0.882812 0.080203 0.876302 0.073096 0.86849 0.077157 0.854818 0.101523 0.848307 0.107614 0.848307 0.11269 0.860677 0.126904
1 0.840495 0.147208 0.845052 0.153299 0.852214 0.151269 0.855469 0.141117 0.849609 0.121827 0.843099 0.116751 0.837891 0.124873 0.83724 0.136041 0.840495 0.147208
1 0.775391 0.136041 0.781901 0.140102 0.790365 0.136041 0.782552 0.104569 0.772135 0.101523 0.764323 0.11269 0.764974 0.122843 0.775391 0.136041
1 0.697917 0.106599 0.708984 0.125888 0.726562 0.121827 0.74349 0.104569 0.742188 0.100508 0.724609 0.102538 0.712891 0.088325 0.696615 0.086294 0.690755 0.093401 0.690755 0.100508 0.697917 0.106599
1 0.716146 0.0 0.711589 0.011168 0.702474 0.017259 0.693359 0.013198 0.690104 0.005076 0.682292 0.008122 0.677083 0.016244 0.676432 0.028426 0.697917 0.050761 0.711589 0.052792 0.722656 0.040609 0.736979 0.036548 0.739583 0.030457 0.727865 0.0 0.716146 0.0
1 0.804036 0.0 0.800781 0.005076 0.796875 0.02335 0.799479 0.036548 0.824219 0.039594 0.832682 0.034518 0.835286 0.028426 0.832031 0.016244 0.825087 0.016244 0.826172 0.0 0.804036 0.0
1 0.922526 0.124873 0.934896 0.125888 0.938802 0.122843 0.941406 0.108629 0.929688 0.055838 0.92513 0.058883 0.926432 0.062944 0.921224 0.074112 0.920573 0.090355 0.913411 0.101523 0.914062 0.11269 0.922526 0.124873
1 0.917318 0.207107 0.92513 0.195939 0.91862 0.185787 0.908854 0.187817 0.90625 0.194924 0.906901 0.209137 0.917318 0.207107
1 0.799479 0.129949 0.807292 0.130964 0.815104 0.124873 0.814453 0.117766 0.805339 0.106599 0.80013 0.106599 0.796224 0.117766 0.795573 0.124873 0.799479 0.129949
1 0.813151 0.219289 0.82487 0.217259 0.828125 0.206091 0.827474 0.198985 0.813802 0.196954 0.809896 0.201015 0.809245 0.211168 0.813151 0.219289
1 0.813802 0.256853 0.824219 0.249746 0.826172 0.236548 0.814453 0.229442 0.806641 0.231472 0.806641 0.24264 0.813802 0.256853
1 0.78125 0.216244 0.78776 0.212183 0.787109 0.20203 0.781901 0.2 0.777995 0.204061 0.776693 0.210152 0.78125 0.216244
1 0.810547 0.396954 0.848958 0.372589 0.848307 0.358376 0.854167 0.339086 0.871745 0.318782 0.889974 0.325888 0.911458 0.321827 0.917969 0.313706 0.921875 0.295431 0.932292 0.284264 0.933594 0.274112 0.931641 0.26599 0.929036 0.261929 0.921875 0.262944 0.915365 0.281218 0.896484 0.279188 0.88737 0.275127 0.886719 0.254822 0.884115 0.251777 0.878255 0.256853 0.873047 0.248731 0.869141 0.248731 0.865885 0.26802 0.860677 0.280203 0.839844 0.28731 0.827474 0.298477 0.837891 0.323858 0.833984 0.353299 0.828125 0.365482 0.802734 0.383756 0.802083 0.39797 0.810547 0.396954
1 0.919271 0.284264 0.932943 0.306599 0.942057 0.306599 0.945312 0.296447 0.936198 0.286294 0.932292 0.264975 0.924479 0.261929 0.919922 0.26802 0.917969 0.275127 0.919271 0.284264
1 0.807292 0.483249 0.807292 0.488325 0.80013 0.490355 0.79362 0.513706 0.788411 0.518782 0.792969 0.522843 0.800781 0.521827 0.804036 0.497462 0.844401 0.486294 0.859375 0.488325 0.865885 0.480203 0.909505 0.491371 0.928385 0.492386 0.950521 0.506599 0.960286 0.484264 0.972656 0.46802 0.967448 0.460914 0.953776 0.462944 0.938802 0.458883 0.930339 0.462944 0.921875 0.454822 0.908203 0.461929 0.89388 0.461929 0.88151 0.449746 0.883464 0.428426 0.86849 0.433503 0.865885 0.446701 0.860026 0.456853 0.852865 0.461929 0.840495 0.463959 0.83138 0.455838 0.82487 0.458883 0.818359 0.451777 0.820312 0.445685 0.81901 0.438579 0.820964 0.437563 0.818359 0.433503 0.806641 0.452792 0.816406 0.46599 0.807292 0.483249
1 0.815755 0.443655 0.828125 0.449746 0.833984 0.449746 0.849609 0.420305 0.859375 0.426396 0.872396 0.418274 0.876302 0.405076 0.890625 0.392893 0.895182 0.374619 0.898438 0.371574 0.895182 0.366497 0.896484 0.362437 0.902995 0.356345 0.89974 0.354315 0.89974 0.349239 0.907552 0.341117 0.915365 0.325888 0.919922 0.309645 0.91862 0.303553 0.901042 0.325888 0.897135 0.338071 0.893229 0.341117 0.894531 0.345178 0.875651 0.375635 0.865885 0.371574 0.852214 0.373604 0.828125 0.410152 0.817057 0.414213 0.813802 0.438579 0.815755 0.443655
1 0.755208 0.479188 0.753906 0.488325 0.758464 0.492386 0.779297 0.491371 0.797526 0.469036 0.796875 0.464975 0.789062 0.463959 0.777995 0.472081 0.760417 0.46599 0.758464 0.459898 0.751302 0.462944 0.749349 0.463959 0.755208 0.479188
1 0.755208 0.760406 0.772786 0.748223 0.80013 0.738071 0.800781 0.729949 0.796224 0.71269 0.798177 0.702538 0.807292 0.684264 0.816406 0.677157 0.839193 0.680203 0.86263 0.669036 0.871094 0.646701 0.871745 0.635533 0.864583 0.633503 0.857422 0.639594 0.817057 0.649746 0.761719 0.736041 0.754557 0.740102 0.747396 0.750254 0.748698 0.758376 0.755208 0.760406
1 0.760417 0.751269 0.776693 0.750254 0.778646 0.747208 0.804688 0.754315 0.828776 0.747208 0.839193 0.752284 0.86263 0.773604 0.86263 0.777665 0.869141 0.784772 0.873698 0.763452 0.873047 0.754315 0.845052 0.711675 0.841797 0.71066 0.829427 0.73401 0.810547 0.73401 0.796224 0.727919 0.789714 0.718782 0.768229 0.73401 0.759115 0.742132 0.760417 0.751269
1 0.725911 0.905584 0.744141 0.896447 0.746745 0.881218 0.753255 0.869036 0.764323 0.862944 0.773438 0.86802 0.782552 0.88934 0.791667 0.893401 0.795573 0.885279 0.791667 0.864975 0.799479 0.855838 0.819661 0.850761 0.841146 0.870051 0.845052 0.86599 0.845052 0.855838 0.830729 0.830457 0.816406 0.820305 0.809245 0.808122 0.802083 0.817259 0.780599 0.827411 0.740234 0.860914 0.739583 0.872081 0.725911 0.880203 0.722005 0.899492 0.721354 0.903553 0.725911 0.905584
1 0.570384 0.685284 0.572194 0.685284 0.572194 0.683589 0.570384 0.683589 0.570384 0.685284
1 0.589193 0.575635 0.586589 0.596954 0.591146 0.603046 0.589193 0.633503 0.598958 0.724873 0.590495 0.753299 0.595052 0.761421 0.588542 0.786802 0.594401 0.836548 0.600911 0.84264 0.609375 0.84264 0.628255 0.819289 0.626302 0.815228 0.616753 0.817259 0.610677 0.809137 0.604818 0.789848 0.606771 0.775635 0.615234 0.765482 0.615234 0.748223 0.620443 0.729949 0.617839 0.71066 0.621745 0.697462 0.615234 0.681218 0.613281 0.66802 0.61263 0.652792 0.615234 0.649746 0.608724 0.645685 0.603516 0.618274 0.604818 0.603046 0.613281 0.583756 0.607422 0.57868 0.613281 0.560406 0.611979 0.532995 0.60612 0.53198 0.598958 0.553299 0.584635 0.55736 0.585286 0.568528 0.589193 0.575635
1 0.558594 0.765482 0.577474 0.781726 0.580078 0.771574 0.585938 0.768528 0.58724 0.749239 0.585286 0.742132 0.580729 0.740102 0.57487 0.717766 0.572917 0.701523 0.575521 0.68731 0.570964 0.675127 0.56901 0.683249 0.5625 0.683249 0.560547 0.679188 0.559245 0.682234 0.551432 0.681218 0.557943 0.720812 0.558594 0.765482
1 0.540365 0.688325 0.542318 0.707614 0.544922 0.71066 0.542318 0.723858 0.537109 0.73198 0.524089 0.732995 0.522135 0.738071 0.52474 0.751269 0.530599 0.754315 0.537109 0.787817 0.539714 0.790863 0.556641 0.761421 0.559896 0.750254 0.55599 0.736041 0.557943 0.715736 0.552734 0.695431 0.541667 0.681218 0.537109 0.66802 0.528646 0.661929 0.524089 0.677157 0.529297 0.684264 0.540365 0.688325
1 0.667969 0.508629 0.667969 0.522843 0.651693 0.583756 0.655599 0.584772 0.658203 0.594924 0.672526 0.583756 0.686849 0.553299 0.685547 0.541117 0.682292 0.539086 0.682292 0.524873 0.692708 0.494416 0.690104 0.48934 0.686198 0.490355 0.680339 0.479188 0.667318 0.478173 0.660807 0.497462 0.663411 0.505584 0.667969 0.508629
1 0.570312 0.830457 0.574219 0.841624 0.58138 0.841624 0.587891 0.826396 0.587891 0.80203 0.584635 0.783756 0.578125 0.77665 0.575521 0.781726 0.575521 0.811168 0.570312 0.830457
1 0.600911 0.850761 0.609375 0.880203 0.609375 0.893401 0.600911 0.921827 0.604818 0.93198 0.610026 0.936041 0.633464 0.921827 0.635417 0.911675 0.63151 0.907614 0.628906 0.893401 0.629557 0.869036 0.645182 0.848731 0.655599 0.820305 0.65625 0.79797 0.662109 0.77665 0.677083 0.763452 0.679688 0.75736 0.67513 0.706599 0.66862 0.705584 0.658854 0.728934 0.644748 0.737056 0.636719 0.736041 0.630208 0.742132 0.624349 0.768528 0.635417 0.780711 0.636719 0.794924 0.633464 0.809137 0.621745 0.82132 0.614583 0.82335 0.609375 0.818274 0.604818 0.82132 0.608724 0.84467 0.600911 0.850761
1 0.655599 0.942132 0.657552 0.949239 0.672526 0.943147 0.679688 0.935025 0.680339 0.922843 0.688151 0.898477 0.688802 0.881218 0.694661 0.86599 0.709635 0.858883 0.723958 0.867005 0.734375 0.858883 0.736328 0.852792 0.750651 0.849746 0.754557 0.834518 0.751953 0.832487 0.753906 0.816244 0.759115 0.807107 0.757161 0.801015 0.758464 0.790863 0.751302 0.781726 0.742839 0.812183 0.738281 0.816244 0.722005 0.815228 0.714844 0.795939 0.718099 0.791878 0.722005 0.772589 0.707682 0.761421 0.701823 0.761421 0.695964 0.767513 0.695312 0.79797 0.692057 0.816244 0.688151 0.828426 0.677734 0.841624 0.671875 0.863959 0.665365 0.91269 0.655599 0.942132
1 0.662109 0.694416 0.666016 0.709645 0.664714 0.720812 0.654297 0.729949 0.654297 0.747208 0.657552 0.752284 0.682943 0.724873 0.686198 0.718782 0.6875 0.703553 0.692057 0.694416 0.710286 0.677157 0.70638 0.647716 0.703776 0.64467 0.694661 0.649746 0.688802 0.645685 0.666667 0.651777 0.659505 0.660914 0.661458 0.66802 0.655599 0.676142 0.654948 0.688325 0.662109 0.694416
1 0.695312 0.603046 0.69401 0.62335 0.689453 0.637563 0.692708 0.646701 0.708984 0.641624 0.716797 0.60203 0.726562 0.589848 0.740234 0.583756 0.749349 0.566497 0.749349 0.562437 0.739583 0.552284 0.733073 0.522843 0.734375 0.517766 0.730469 0.513706 0.723958 0.519797 0.724609 0.525888 0.720703 0.537056 0.710938 0.556345 0.6875 0.553299 0.683594 0.564467 0.695312 0.603046
1 0.764323 0.628426 0.776693 0.601015 0.785156 0.591878 0.811198 0.596954 0.825521 0.586802 0.925781 0.60203 0.929036 0.594924 0.929036 0.586802 0.936198 0.582741 0.939453 0.574619 0.934896 0.554315 0.931641 0.551269 0.916667 0.553299 0.904297 0.545178 0.901693 0.530964 0.897786 0.524873 0.886068 0.546193 0.872396 0.551269 0.838542 0.53198 0.824219 0.552284 0.810547 0.554315 0.802083 0.549239 0.785807 0.558376 0.761068 0.593909 0.753906 0.611168 0.751302 0.637563 0.764323 0.628426
1 0.74349 0.575635 0.783854 0.55533 0.79362 0.540102 0.796875 0.517766 0.782552 0.51066 0.780599 0.530964 0.776693 0.541117 0.76237 0.553299 0.744792 0.561421 0.742188 0.568528 0.74349 0.575635
1 0.677083 0.950254 0.694661 0.960406 0.71224 0.95533 0.716146 0.946193 0.713542 0.941117 0.702474 0.939086 0.678385 0.942132 0.674479 0.946193 0.677083 0.950254
1 0.640625 0.977665 0.649089 0.970558 0.64974 0.958376 0.646484 0.952284 0.638672 0.952284 0.635417 0.964467 0.640625 0.977665
1 0.682292 0.760406 0.689453 0.761421 0.727865 0.735025 0.742188 0.717766 0.746094 0.698477 0.754557 0.683249 0.764974 0.677157 0.773438 0.678173 0.80013 0.661929 0.802083 0.646701 0.807292 0.633503 0.783203 0.647716 0.777995 0.648731 0.771484 0.643655 0.768229 0.633503 0.767578 0.618274 0.774089 0.598985 0.767578 0.601015 0.753906 0.618274 0.748698 0.648731 0.730469 0.684264 0.720703 0.721827 0.709635 0.732995 0.693359 0.737056 0.685547 0.743147 0.682292 0.750254 0.682292 0.760406
1 0.711589 0.781726 0.715495 0.781726 0.723958 0.771574 0.747396 0.764467 0.748047 0.751269 0.751302 0.745178 0.745443 0.737056 0.736979 0.738071 0.73112 0.744162 0.713542 0.749239 0.709635 0.75736 0.707682 0.767513 0.711589 0.781726
1 0.864583 0.385787 0.865234 0.395939 0.873047 0.401015 0.916016 0.409137 0.92513 0.427411 0.928385 0.428426 0.934896 0.411168 0.949219 0.4 0.957031 0.39797 0.979167 0.411168 0.992188 0.391878 0.990234 0.372589 0.97526 0.363452 0.970703 0.356345 0.969401 0.33401 0.963542 0.325888 0.958333 0.327919 0.950521 0.350254 0.934245 0.370558 0.923177 0.370558 0.914714 0.363452 0.902995 0.360406 0.900391 0.347208 0.889323 0.371574 0.864583 0.385787
1 0.764323 0.804061 0.771484 0.803046 0.782552 0.774619 0.791016 0.773604 0.803385 0.788832 0.810547 0.782741 0.810547 0.772589 0.802083 0.758376 0.783203 0.754315 0.777344 0.760406 0.767578 0.780711 0.763021 0.795939 0.764323 0.804061
1 0.363281 0.123858 0.379557 0.109645 0.369141 0.096447 0.36263 0.098477 0.352865 0.11066 0.35612 0.119797 0.363281 0.123858
1 0.08138 0.325888 0.082031 0.301523 0.078776 0.296447 0.070964 0.301523 0.070964 0.314721 0.08138 0.325888
1 0.078125 0.305584 0.078125 0.298477 0.074219 0.300508 0.074219 0.31066 0.078125 0.305584
1 0.08138 0.317766 0.085286 0.318782 0.085938 0.328934 0.089193 0.33401 0.095703 0.33401 0.097005 0.319797 0.092448 0.31066 0.088542 0.309645 0.085286 0.316751 0.08138 0.317766