1 0.221467 0.829449 0.32337 0.827331 0.329484 0.820975 0.335598 0.801907 0.329484 0.782839 0.334918 0.759534 0.330163 0.755297 0.328125 0.733051 0.334918 0.717161 0.347147 0.708686 0.349864 0.699153 0.350543 0.675847 0.345109 0.669492 0.32337 0.674788 0.321332 0.691737 0.315217 0.704449 0.307065 0.707627 0.298234 0.70339 0.29144 0.695975 0.286685 0.695975 0.280571 0.682203 0.282609 0.648305 0.289402 0.628178 0.288043 0.616525 0.254755 0.613347 0.250679 0.618644 0.243207 0.618644 0.228261 0.633475 0.227582 0.644068 0.22894 0.652542 0.235734 0.664195 0.247283 0.71928 0.241168 0.724576 0.211277 0.727754 0.203804 0.709746 0.186141 0.698093 0.186821 0.71822 0.184103 0.735169 0.186141 0.748941 0.184103 0.762712 0.178668 0.763771 0.175272 0.775424 0.173913 0.792373 0.179348 0.800847 0.182065 0.816737 0.193614 0.82839 0.204484 0.826271 0.207201 0.820975 0.213315 0.820975 0.221467 0.829449
1 0.156929 0.795551 0.155571 0.806144 0.161685 0.826271 0.164402 0.830508 0.171875 0.831568 0.174592 0.8125 0.168478 0.782839 0.163723 0.779661 0.156929 0.795551
1 0.389946 0.810381 0.382473 0.807203 0.370245 0.788136 0.366168 0.787076 0.36481 0.795551 0.368886 0.819915 0.372962 0.829449 0.388587 0.826271 0.41712 0.82839 0.420516 0.790254 0.423913 0.779661 0.434783 0.76589 0.436141 0.742585 0.45788 0.720339 0.459239 0.712924 0.450408 0.702331 0.441576 0.702331 0.432745 0.708686 0.428668 0.691737 0.424592 0.688559 0.406929 0.692797 0.391984 0.685381 0.387908 0.6875 0.38519 0.694915 0.38587 0.70339 0.401495 0.721398 0.399457 0.740466 0.383152 0.768008 0.383832 0.777542 0.390625 0.792373 0.391984 0.806144 0.389946 0.810381
1 0.340353 0.8125 0.339674 0.822034 0.342391 0.82839 0.35394 0.829449 0.360734 0.813559 0.359375 0.794492 0.355978 0.793432 0.345788 0.801907 0.340353 0.8125
1 0.461277 0.826271 0.476902 0.829449 0.480299 0.825212 0.483696 0.791314 0.478261 0.786017 0.471921 0.794844 0.459239 0.802966 0.461277 0.826271
1 0.431386 0.829449 0.451087 0.823093 0.450408 0.808263 0.440217 0.801907 0.430027 0.811441 0.428668 0.822034 0.431386 0.829449
1 0.499321 0.778602 0.493886 0.776483 0.490489 0.782839 0.487772 0.799788 0.48913 0.819915 0.494565 0.827331 0.506793 0.825212 0.509511 0.815678 0.508832 0.798729 0.504076 0.793432 0.499321 0.778602
1 0.54212 0.806144 0.536685 0.774364 0.54144 0.756356 0.536685 0.748941 0.533967 0.736229 0.535326 0.720339 0.533967 0.717161 0.52038 0.720339 0.518342 0.713983 0.506793 0.712924 0.504755 0.720339 0.51019 0.743644 0.51087 0.784958 0.52106 0.799788 0.521739 0.819915 0.525136 0.824153 0.535326 0.823093 0.54212 0.806144
1 0.558424 0.786017 0.55231 0.809322 0.55163 0.825212 0.565217 0.827331 0.567935 0.824153 0.571332 0.806144 0.567255 0.799788 0.565897 0.784958 0.561821 0.782839 0.558424 0.786017
1 0.594429 0.825212 0.597826 0.809322 0.594429 0.795551 0.587636 0.791314 0.580842 0.793432 0.580842 0.823093 0.594429 0.825212
1 0.586957 0.727754 0.598505 0.735169 0.603261 0.742585 0.608016 0.774364 0.60462 0.800847 0.612092 0.822034 0.625 0.824153 0.636549 0.8125 0.66712 0.819915 0.718071 0.820975 0.716712 0.810381 0.711957 0.805085 0.70788 0.804025 0.702446 0.810381 0.697011 0.807203 0.693614 0.787076 0.686821 0.782839 0.678668 0.75 0.688859 0.730932 0.690217 0.716102 0.679348 0.683263 0.674592 0.684322 0.671875 0.691737 0.658967 0.685381 0.653533 0.702331 0.64606 0.704449 0.644701 0.708686 0.633832 0.691737 0.637908 0.663136 0.652853 0.632415 0.650815 0.620763 0.641984 0.618644 0.618207 0.622881 0.601902 0.618644 0.592391 0.628178 0.592391 0.643008 0.599864 0.664195 0.599185 0.672669 0.593071 0.683263 0.581522 0.67161 0.576766 0.67161 0.577446 0.700212 0.586957 0.727754
1 0.086957 0.8125 0.091033 0.78178 0.099185 0.772246 0.100543 0.740466 0.095788 0.726695 0.095109 0.715042 0.088315 0.700212 0.069293 0.695975 0.0625 0.707627 0.0625 0.725636 0.072011 0.753178 0.07337 0.773305 0.061821 0.800847 0.069293 0.829449 0.081522 0.829449 0.088315 0.817797 0.086957 0.8125
1 0.102582 0.833686 0.143342 0.830508 0.148098 0.816737 0.150815 0.787076 0.156929 0.778602 0.160326 0.76589 0.157609 0.75 0.153533 0.746822 0.139946 0.754237 0.132473 0.73411 0.11481 0.739407 0.108696 0.736229 0.106658 0.739407 0.111413 0.764831 0.118886 0.78178 0.112772 0.791314 0.109375 0.791314 0.105299 0.804025 0.094429 0.815678 0.095109 0.820975 0.102582 0.833686
1 0.0 0.710709 0.000679 0.711864 0.0 0.724576 0.004076 0.741525 0.002717 0.778602 0.007473 0.790254 0.007473 0.818856 0.01019 0.829449 0.017663 0.829449 0.021739 0.825212 0.024457 0.807203 0.04144 0.756356 0.04144 0.748941 0.033288 0.729873 0.036005 0.709746 0.004755 0.681144 0.0 0.681144 0.0 0.710709
1 0.042799 0.807203 0.036685 0.806144 0.036005 0.795551 0.032609 0.795551 0.031929 0.814619 0.038043 0.822034 0.040082 0.830508 0.05231 0.833686 0.059103 0.789195 0.055707 0.787076 0.047554 0.794492 0.042799 0.807203
1 0.769022 0.70339 0.764266 0.715042 0.763587 0.737288 0.766304 0.742585 0.795516 0.75 0.799592 0.777542 0.796875 0.782839 0.790761 0.784958 0.790761 0.816737 0.807745 0.816737 0.817935 0.811441 0.85394 0.817797 0.863451 0.814619 0.866168 0.799788 0.857337 0.783898 0.856658 0.761653 0.851902 0.759534 0.848845 0.764301 0.838995 0.748941 0.846467 0.729873 0.846467 0.722458 0.824049 0.720339 0.819293 0.708686 0.82269 0.6875 0.844429 0.647246 0.843071 0.630297 0.847826 0.616525 0.847147 0.599576 0.858696 0.579449 0.858016 0.570975 0.849185 0.565678 0.84375 0.557203 0.838995 0.557203 0.828804 0.586864 0.825408 0.590042 0.818614 0.582627 0.819293 0.566737 0.813179 0.555085 0.8125 0.542373 0.796196 0.543432 0.774457 0.552966 0.762228 0.545551 0.754755 0.545551 0.751359 0.555085 0.740489 0.550847 0.737092 0.561441 0.749321 0.596398 0.745245 0.611229 0.746603 0.620763 0.758152 0.639831 0.759511 0.651483 0.763587 0.654661 0.769022 0.70339
1 0.72894 0.798729 0.728261 0.806144 0.744565 0.820975 0.752038 0.809322 0.745924 0.774364 0.751359 0.756356 0.751359 0.728814 0.755435 0.713983 0.752717 0.683263 0.742527 0.677966 0.740489 0.670551 0.736413 0.669492 0.733696 0.683263 0.723505 0.6875 0.71875 0.700212 0.713315 0.702331 0.701766 0.673729 0.696332 0.673729 0.695652 0.689619 0.702446 0.708686 0.730978 0.751059 0.726902 0.76589 0.716033 0.759534 0.713995 0.769068 0.724185 0.779661 0.72894 0.798729
1 0.902853 0.779661 0.917799 0.737288 0.913043 0.716102 0.914402 0.698093 0.898098 0.701271 0.892663 0.689619 0.890625 0.709746 0.894701 0.733051 0.890625 0.742585 0.88519 0.741525 0.882473 0.746822 0.883152 0.811441 0.897418 0.810381 0.919837 0.817797 0.927989 0.814619 0.929348 0.807203 0.925272 0.79661 0.908288 0.791314 0.902853 0.779661
1 1.0 0.787076 0.997962 0.78072 0.987772 0.777542 0.981658 0.78072 0.972147 0.761653 0.933424 0.794492 0.932745 0.801907 0.936141 0.811441 0.955842 0.813559 0.965353 0.809322 0.967391 0.814619 0.973505 0.816737 1.0 0.812894 1.0 0.787076
1 0.761549 0.822034 0.771739 0.820975 0.779212 0.813559 0.776495 0.801907 0.773098 0.798729 0.765625 0.799788 0.762908 0.805085 0.761549 0.822034