1 0.976519 0.4375 0.968232 0.408405 0.96547 0.40625 0.958564 0.405172 0.956492 0.408405 0.95442 0.431034 0.946823 0.443966 0.928867 0.447198 0.915746 0.44181 0.912293 0.431034 0.910912 0.408405 0.899171 0.404095 0.865331 0.494612 0.855663 0.550647 0.854282 0.579741 0.862569 0.561422 0.866713 0.561422 0.869475 0.556034 0.865331 0.551724 0.868094 0.546336 0.874309 0.546336 0.883978 0.538793 0.881215 0.53556 0.879144 0.517241 0.892956 0.483836 0.906768 0.479526 0.922652 0.485991 0.926796 0.480603 0.935773 0.478448 0.947514 0.482759 0.973757 0.479526 0.982735 0.485991 0.991713 0.469828 0.991713 0.462284 0.976519 0.4375
1 1.0 0.494485 0.989641 0.493534 0.979282 0.52694 0.95442 0.552802 0.941989 0.556034 0.935773 0.552802 0.91989 0.56681 0.913674 0.567888 0.910221 0.590517 0.898481 0.616379 0.89779 0.62931 0.899862 0.632543 0.918508 0.631466 0.915746 0.613147 0.92058 0.596983 0.930249 0.581897 0.945442 0.588362 0.947514 0.600216 0.950276 0.596983 0.951657 0.600216 0.953039 0.587284 0.978591 0.572198 0.980663 0.563578 0.984807 0.563578 0.98826 0.542026 0.996547 0.534483 1.0 0.523707 1.0 0.494485
1 0.862569 0.274784 0.857735 0.282328 0.857735 0.290948 0.86326 0.298491 0.867403 0.297414 0.870856 0.293103 0.870166 0.284483 0.862569 0.274784
1 0.874309 0.298491 0.866713 0.301724 0.866713 0.332974 0.870856 0.334052 0.874309 0.328664 0.879144 0.313578 0.878453 0.302802 0.874309 0.298491
1 0.906768 0.25 0.896409 0.252155 0.889503 0.267241 0.890884 0.28125 0.907459 0.284483 0.910221 0.275862 0.910221 0.256466 0.906768 0.25
1 0.823895 0.259698 0.819061 0.262931 0.808011 0.258621 0.801796 0.260776 0.790746 0.284483 0.796271 0.318966 0.790746 0.340517 0.774862 0.368534 0.756215 0.367457 0.76105 0.375 0.768646 0.408405 0.767956 0.421336 0.754834 0.454741 0.754834 0.465517 0.757597 0.470905 0.767956 0.46875 0.774171 0.461207 0.792127 0.400862 0.803177 0.377155 0.816989 0.310345 0.835635 0.283405 0.828039 0.264009 0.823895 0.259698
1 0.765884 0.231681 0.759669 0.240302 0.76105 0.242457 0.755525 0.256466 0.752072 0.256466 0.750691 0.289871 0.748619 0.293103 0.741713 0.290948 0.73826 0.279095 0.732044 0.271552 0.729972 0.257543 0.724448 0.246767 0.727901 0.237069 0.725138 0.228448 0.719613 0.228448 0.714088 0.246767 0.718232 0.275862 0.732735 0.292026 0.754834 0.376078 0.762431 0.384698 0.769337 0.382543 0.770028 0.385776 0.772099 0.384698 0.772099 0.375 0.767265 0.371767 0.758287 0.31681 0.758978 0.301724 0.766575 0.273707 0.776243 0.260776 0.774862 0.235991 0.765884 0.231681
1 0.748964 0.439655 0.735497 0.423491 0.732044 0.423491 0.732735 0.440733 0.737569 0.446121 0.756215 0.449353 0.765193 0.442888 0.763812 0.439655 0.748964 0.439655
1 0.72721 0.421336 0.724448 0.422414 0.726519 0.435345 0.734116 0.44181 0.731354 0.427802 0.72721 0.421336
1 0.726519 0.355603 0.724448 0.358836 0.726519 0.378233 0.729972 0.371767 0.729282 0.357759 0.726519 0.355603
1 0.721685 0.386853 0.720304 0.378233 0.712707 0.368534 0.710635 0.351293 0.707873 0.34806 0.701657 0.349138 0.698204 0.358836 0.688536 0.366379 0.725829 0.419181 0.730663 0.396552 0.729282 0.391164 0.721685 0.386853
1 0.699586 0.465517 0.685773 0.474138 0.680939 0.50431 0.677486 0.508621 0.677486 0.518319 0.685083 0.538793 0.691298 0.570043 0.70442 0.58944 0.709945 0.585129 0.710635 0.572198 0.705801 0.559267 0.703729 0.53125 0.698204 0.518319 0.698204 0.50431 0.706492 0.482759 0.707182 0.47306 0.699586 0.465517
1 0.707873 0.594828 0.70511 0.595905 0.702348 0.616379 0.70442 0.630388 0.712707 0.615302 0.712017 0.602371 0.707873 0.594828
1 0.674724 0.515086 0.671271 0.517241 0.65953 0.538793 0.650552 0.534483 0.649171 0.52694 0.644337 0.52694 0.639503 0.520474 0.635359 0.52694 0.656077 0.653017 0.660912 0.665948 0.66989 0.675647 0.676796 0.697198 0.678867 0.715517 0.689917 0.6875 0.69268 0.662716 0.683011 0.636853 0.672134 0.538524 0.676105 0.53125 0.676105 0.521552 0.674724 0.515086
1 0.92058 0.835129 0.888812 0.80819 0.877072 0.825431 0.867403 0.831897 0.843232 0.828664 0.821823 0.841595 0.811464 0.837284 0.808011 0.840517 0.796961 0.83944 0.789365 0.845905 0.803867 0.863147 0.814917 0.867457 0.84116 0.865302 0.854972 0.877155 0.859807 0.877155 0.864641 0.867457 0.881906 0.858836 0.899171 0.859914 0.908149 0.867457 0.923343 0.863147 0.933011 0.867457 0.939917 0.856681 0.939917 0.834052 0.935773 0.830819 0.92058 0.835129
1 0.808702 0.932112 0.788674 0.932112 0.782459 0.921336 0.758287 0.920259 0.750691 0.926724 0.752762 0.928879 0.751381 0.940733 0.733425 0.947198 0.724448 0.970905 0.726519 0.976293 0.732735 0.966595 0.747928 0.957974 0.766575 0.978448 0.776243 0.967672 0.803177 0.955819 0.826657 0.965517 0.832182 0.959052 0.830801 0.948276 0.808702 0.932112
1 0.655424 1.0 0.67058 0.96875 0.685083 0.956897 0.694751 0.957974 0.712017 0.945043 0.726519 0.94181 0.741713 0.950431 0.747928 0.942888 0.753453 0.942888 0.755525 0.949353 0.767956 0.943966 0.778315 0.946121 0.783149 0.940733 0.78384 0.925647 0.749309 0.914871 0.71547 0.923491 0.70511 0.915948 0.703039 0.922414 0.695442 0.921336 0.69337 0.91056 0.667127 0.915948 0.660912 0.926724 0.644337 0.935345 0.640884 0.943966 0.642265 0.960129 0.647099 0.969828 0.643441 1.0 0.655424 1.0
1 0.623619 0.66056 0.611878 0.672414 0.600138 0.669181 0.585635 0.686422 0.572514 0.686422 0.571823 0.703664 0.581492 0.729526 0.575276 0.758621 0.587017 0.783405 0.592541 0.80819 0.589779 0.821121 0.59116 0.838362 0.587707 0.850216 0.589779 0.860991 0.608425 0.868534 0.611188 0.864224 0.611878 0.829741 0.619475 0.820043 0.620856 0.803879 0.608425 0.786638 0.618094 0.771552 0.628453 0.765086 0.618785 0.755388 0.616713 0.742457 0.625 0.728448 0.625 0.720905 0.631906 0.720905 0.630525 0.686422 0.623619 0.66056
1 0.654006 0.224138 0.645718 0.228448 0.608425 0.340517 0.593232 0.349138 0.591851 0.357759 0.614641 0.357759 0.632597 0.338362 0.639503 0.301724 0.652624 0.284483 0.662983 0.280172 0.675414 0.256466 0.674033 0.25 0.668508 0.246767 0.663674 0.227371 0.654006 0.224138
1 0.59047 0.203664 0.585635 0.207974 0.585635 0.231681 0.581492 0.256466 0.560773 0.278017 0.555249 0.288793 0.552486 0.316272 0.541436 0.358836 0.542818 0.368534 0.546271 0.369612 0.559392 0.356681 0.562155 0.337284 0.572514 0.323276 0.58011 0.299569 0.597376 0.28556 0.609116 0.287716 0.61326 0.282328 0.61395 0.275862 0.609116 0.269397 0.609116 0.259698 0.616713 0.255388 0.617403 0.251078 0.60221 0.238147 0.604972 0.205819 0.59047 0.203664
1 0.632597 0.144397 0.617403 0.144397 0.614641 0.158405 0.617403 0.169181 0.633287 0.175647 0.638122 0.173491 0.638122 0.149784 0.632597 0.144397
1 0.625691 0.060345 0.616713 0.05819 0.611878 0.073276 0.622928 0.095905 0.626381 0.117457 0.633978 0.118534 0.631906 0.107759 0.634669 0.08944 0.629144 0.067888 0.625691 0.060345
1 0.580004 0.0 0.586326 0.018319 0.605663 0.020474 0.61282 0.0 0.580004 0.0
1 0.577348 0.053879 0.565608 0.070043 0.549033 0.078664 0.549033 0.090517 0.558011 0.110991 0.563536 0.110991 0.573204 0.09806 0.574586 0.082974 0.583564 0.068966 0.582873 0.05819 0.577348 0.053879
1 0.523481 0.050647 0.517265 0.050647 0.501381 0.0625 0.495856 0.092672 0.5 0.096983 0.513812 0.09375 0.520718 0.080819 0.528315 0.074353 0.529006 0.057112 0.523481 0.050647
1 0.43232 0.057112 0.433702 0.092672 0.430249 0.096983 0.435083 0.101293 0.448204 0.099138 0.457873 0.070043 0.457182 0.063578 0.43232 0.057112
1 0.403315 0.050647 0.398481 0.045259 0.389503 0.06681 0.383978 0.065733 0.377072 0.056034 0.372928 0.056034 0.370856 0.064655 0.382597 0.081897 0.395028 0.090517 0.405387 0.077586 0.406768 0.0625 0.403315 0.050647
1 0.484807 0.174569 0.469613 0.177802 0.461326 0.171336 0.448895 0.182112 0.462017 0.207974 0.462017 0.224138 0.455801 0.242457 0.440608 0.257543 0.437155 0.27694 0.438536 0.295259 0.43232 0.301724 0.43232 0.344828 0.435773 0.346983 0.439917 0.342672 0.446823 0.326509 0.453039 0.297414 0.467541 0.278017 0.464088 0.264009 0.46547 0.256466 0.483425 0.207974 0.492403 0.195043 0.491713 0.181034 0.484807 0.174569
1 0.437155 0.158405 0.43232 0.15194 0.408149 0.15625 0.399862 0.149784 0.392265 0.133621 0.384669 0.134698 0.383287 0.142241 0.387431 0.155172 0.395718 0.165948 0.390193 0.184267 0.399862 0.206897 0.398481 0.232759 0.401243 0.25431 0.408149 0.258621 0.413674 0.247845 0.425414 0.260776 0.427486 0.274784 0.43163 0.261853 0.437155 0.264009 0.441298 0.260776 0.441298 0.253233 0.428867 0.241379 0.426105 0.228448 0.41989 0.219828 0.426796 0.197198 0.438536 0.178879 0.439227 0.170259 0.437155 0.158405
1 0.393646 0.261853 0.372928 0.258621 0.358425 0.217672 0.362569 0.19181 0.360497 0.178879 0.351519 0.162716 0.341851 0.162716 0.345994 0.181034 0.334254 0.195043 0.34116 0.213362 0.350138 0.224138 0.354282 0.256466 0.359116 0.271552 0.359116 0.28556 0.370166 0.309267 0.370166 0.318966 0.365331 0.326509 0.364641 0.337284 0.352901 0.352371 0.353591 0.360991 0.348066 0.378233 0.351519 0.384698 0.366713 0.383621 0.372928 0.375 0.377762 0.359914 0.388812 0.351293 0.390884 0.304957 0.396409 0.292026 0.406768 0.28125 0.406768 0.256466 0.393646 0.261853
1 0.337017 0.227371 0.332182 0.230603 0.32942 0.256466 0.323895 0.262931 0.321133 0.25431 0.304558 0.235991 0.301796 0.224138 0.302486 0.202586 0.308011 0.182112 0.313536 0.177802 0.319061 0.165948 0.31768 0.150862 0.312155 0.15194 0.308011 0.158405 0.308011 0.167026 0.297652 0.171336 0.296271 0.167026 0.287293 0.167026 0.279006 0.172414 0.267265 0.149784 0.262431 0.154095 0.26174 0.163793 0.265193 0.175647 0.283149 0.217672 0.291436 0.259698 0.292127 0.27694 0.308011 0.299569 0.315608 0.322198 0.310083 0.338362 0.300414 0.351293 0.299033 0.358836 0.303177 0.366379 0.302486 0.37069 0.318715 0.377155 0.338398 0.392241 0.342541 0.40194 0.345304 0.40194 0.35221 0.392241 0.349448 0.369612 0.345994 0.355603 0.333564 0.338362 0.32942 0.322198 0.330801 0.300647 0.34047 0.272629 0.34047 0.235991 0.337017 0.227371
1 0.539365 0.231681 0.535221 0.228448 0.532459 0.240302 0.524171 0.24569 0.520718 0.242457 0.515193 0.248922 0.506906 0.273707 0.486878 0.267241 0.479972 0.269397 0.477901 0.278017 0.489641 0.297414 0.493094 0.315733 0.479972 0.34806 0.475829 0.351293 0.471685 0.345905 0.468923 0.356681 0.457182 0.364224 0.455801 0.384698 0.461326 0.398707 0.461326 0.411638 0.45511 0.434267 0.448204 0.442888 0.437845 0.46875 0.44268 0.480603 0.446823 0.482759 0.457873 0.478448 0.468923 0.460129 0.466851 0.455819 0.469613 0.439655 0.475829 0.432112 0.485497 0.400862 0.51105 0.360991 0.508978 0.342672 0.519337 0.302802 0.537983 0.278017 0.544199 0.253233 0.539365 0.231681
1 0.538674 0.207974 0.531768 0.207974 0.529006 0.211207 0.529006 0.224138 0.53453 0.230603 0.542127 0.230603 0.54558 0.224138 0.544199 0.21444 0.538674 0.207974
1 0.428177 0.451509 0.421271 0.452586 0.418508 0.465517 0.426105 0.493534 0.426796 0.519397 0.417818 0.534483 0.398481 0.543103 0.404006 0.5625 0.401934 0.572198 0.407459 0.595905 0.40953 0.635776 0.412293 0.645474 0.424033 0.662716 0.43232 0.654095 0.433702 0.639009 0.428177 0.633621 0.426796 0.595905 0.441298 0.567888 0.441989 0.553879 0.450276 0.528017 0.450967 0.498922 0.462017 0.481681 0.464088 0.47306 0.428177 0.451509
1 0.60221 0.4375 0.604972 0.414871 0.600829 0.413793 0.592541 0.422414 0.588398 0.434267 0.578039 0.44181 0.569061 0.467672 0.555939 0.481681 0.552486 0.493534 0.553177 0.507543 0.542818 0.542026 0.521409 0.582974 0.520718 0.617457 0.514503 0.648707 0.504834 0.670259 0.505525 0.6875 0.516575 0.682112 0.522099 0.667026 0.540055 0.65194 0.549033 0.636853 0.549724 0.62931 0.54558 0.619612 0.551796 0.594828 0.558702 0.58944 0.55732 0.581897 0.560773 0.579741 0.569751 0.585129 0.574586 0.579741 0.580801 0.579741 0.583564 0.573276 0.582873 0.561422 0.580801 0.553879 0.574586 0.548491 0.575967 0.512931 0.57942 0.494612 0.592541 0.483836 0.612569 0.485991 0.61395 0.463362 0.60221 0.4375
1 0.588398 0.258621 0.57942 0.259698 0.555939 0.28556 0.552486 0.309267 0.535221 0.37069 0.522099 0.394397 0.517956 0.449353 0.527624 0.454741 0.53384 0.449353 0.544199 0.43319 0.54489 0.408405 0.551796 0.391164 0.558011 0.383621 0.566298 0.384698 0.572514 0.380388 0.573204 0.371767 0.565608 0.367457 0.562155 0.357759 0.563536 0.34375 0.573895 0.318966 0.578729 0.296336 0.59047 0.282328 0.59116 0.261853 0.588398 0.258621
1 0.525552 0.452586 0.516575 0.445043 0.509669 0.455819 0.5 0.461207 0.490331 0.481681 0.48826 0.521552 0.480663 0.542026 0.466851 0.552802 0.457873 0.552802 0.453039 0.557112 0.450276 0.577586 0.450967 0.584052 0.455801 0.587284 0.457873 0.606681 0.450276 0.634698 0.444061 0.645474 0.44268 0.674569 0.455801 0.671336 0.462017 0.65625 0.470304 0.646552 0.473757 0.622845 0.484807 0.586207 0.5 0.564655 0.505525 0.549569 0.507597 0.512931 0.51105 0.5 0.52279 0.478448 0.529006 0.47306 0.528315 0.461207 0.525552 0.452586
1 0.80663 0.490302 0.799033 0.489224 0.796961 0.494612 0.798343 0.516164 0.788674 0.540948 0.776243 0.545259 0.766575 0.538793 0.76174 0.547414 0.759669 0.571121 0.766575 0.594828 0.767265 0.609914 0.735497 0.675647 0.729972 0.673491 0.734807 0.685345 0.735497 0.715517 0.729972 0.733836 0.734116 0.735991 0.737569 0.732759 0.754144 0.709052 0.767265 0.674569 0.786602 0.662716 0.786602 0.607759 0.794199 0.568966 0.80663 0.556034 0.802486 0.547414 0.808011 0.539871 0.80732 0.505388 0.80663 0.490302
1 0.721685 0.739224 0.710635 0.760776 0.707873 0.806034 0.698895 0.831897 0.69337 0.832974 0.691298 0.845905 0.69337 0.849138 0.712707 0.836207 0.723757 0.817888 0.728591 0.758621 0.735497 0.727371 0.721685 0.739224
1 0.843232 0.409483 0.838398 0.407328 0.832182 0.411638 0.828729 0.443966 0.799724 0.547414 0.799724 0.556034 0.803177 0.559267 0.819751 0.528017 0.827348 0.490302 0.847376 0.476293 0.854282 0.466595 0.854972 0.461207 0.843232 0.446121 0.844613 0.414871 0.843232 0.409483
1 0.808702 0.451509 0.796271 0.443966 0.790055 0.448276 0.787293 0.456897 0.789365 0.475216 0.797652 0.490302 0.800414 0.509698 0.804558 0.502155 0.80732 0.485991 0.82942 0.456897 0.833564 0.445043 0.83011 0.440733 0.808702 0.451509
1 0.844613 0.573276 0.830801 0.596983 0.830801 0.617457 0.819751 0.646552 0.810773 0.658405 0.792127 0.71875 0.778315 0.731681 0.763122 0.724138 0.756215 0.727371 0.743785 0.747845 0.737569 0.747845 0.732044 0.760776 0.725138 0.766164 0.722376 0.762931 0.720994 0.78125 0.725829 0.787716 0.725829 0.793103 0.740331 0.771552 0.766575 0.768319 0.808011 0.734914 0.816298 0.719828 0.81837 0.702586 0.824586 0.684267 0.834254 0.670259 0.831492 0.664871 0.833564 0.654095 0.831492 0.65194 0.834945 0.639009 0.845304 0.621767 0.843923 0.608836 0.850138 0.58944 0.849448 0.576509 0.844613 0.573276
1 1.0 0.636045 0.995856 0.636853 0.981354 0.625 0.964779 0.631466 0.962707 0.622845 0.964088 0.612069 0.970304 0.605603 0.96616 0.600216 0.961326 0.603448 0.960635 0.614224 0.947514 0.621767 0.944061 0.631466 0.936464 0.635776 0.914365 0.631466 0.906768 0.616379 0.888122 0.62069 0.884669 0.631466 0.867403 0.642241 0.844613 0.636853 0.841851 0.641164 0.822514 0.645474 0.822514 0.65194 0.811464 0.667026 0.810083 0.68319 0.819061 0.689655 0.832182 0.675647 0.84116 0.671336 0.867403 0.681034 0.89779 0.668103 0.939227 0.674569 0.963398 0.667026 0.98826 0.689655 0.995166 0.689655 1.0 0.682112 1.0 0.636045
1 0.781077 0.842672 0.769337 0.849138 0.756215 0.863147 0.742403 0.869612 0.729972 0.869612 0.725829 0.878233 0.731354 0.882543 0.729972 0.900862 0.718923 0.918103 0.713398 0.919181 0.70511 0.908405 0.705801 0.928879 0.714088 0.927802 0.718923 0.93319 0.726519 0.93319 0.765193 0.915948 0.76174 0.914871 0.758287 0.90194 0.760359 0.886853 0.767265 0.876078 0.776934 0.869612 0.790055 0.872845 0.789365 0.87931 0.792818 0.883621 0.796271 0.880388 0.797652 0.866379 0.79489 0.850216 0.781077 0.842672
1 0.736878 0.4375 0.728591 0.435345 0.726519 0.440733 0.729282 0.457974 0.726519 0.474138 0.741022 0.498922 0.745856 0.494612 0.750691 0.481681 0.752762 0.465517 0.748619 0.457974 0.736878 0.4375
1 0.722977 1.0 0.722376 0.989224 0.720304 0.978448 0.70442 0.976293 0.701657 0.99569 0.69932 1.0 0.722977 1.0
1 0.602413 1.0 0.600138 0.991379 0.609116 0.963362 0.61326 0.959052 0.614641 0.935345 0.622928 0.904095 0.612569 0.904095 0.592541 0.932112 0.59047 0.945043 0.592541 0.948276 0.575967 1.0 0.602413 1.0
1 0.678177 0.851654 0.678467 0.851654 0.678467 0.849855 0.678177 0.849855 0.678177 0.851654
1 0.482704 1.0 0.537983 0.852371 0.537983 0.842672 0.526243 0.835129 0.490331 0.859914 0.48826 0.876078 0.490331 0.894397 0.487569 0.907328 0.484116 0.915948 0.462707 0.93319 0.452348 0.961207 0.460635 0.980603 0.460635 0.988147 0.455166 1.0 0.482704 1.0
1 0.660912 0.832974 0.655387 0.832974 0.634669 0.854526 0.633978 0.871767 0.65884 0.857759 0.668508 0.845905 0.667818 0.841595 0.660912 0.832974
1 0.69337 0.832974 0.68232 0.834052 0.674724 0.850216 0.671961 0.862069 0.676105 0.882543 0.673343 0.90194 0.652624 0.932112 0.651934 0.975216 0.654006 0.978448 0.660912 0.981681 0.663674 0.978448 0.683011 0.932112 0.690608 0.923491 0.696133 0.885776 0.70442 0.866379 0.705801 0.850216 0.702348 0.844828 0.69337 0.832974
1 0.866713 0.726293 0.859116 0.72306 0.816989 0.746767 0.774171 0.780172 0.759669 0.8125 0.740331 0.820043 0.729282 0.818966 0.712017 0.832974 0.709254 0.842672 0.696133 0.851293 0.703729 0.851293 0.712707 0.858836 0.75 0.836207 0.77279 0.834052 0.802486 0.782328 0.819751 0.768319 0.825967 0.770474 0.849448 0.75431 0.859807 0.757543 0.874309 0.752155 0.873619 0.742457 0.866713 0.726293
1 0.875691 0.758621 0.866022 0.760776 0.846685 0.782328 0.85221 0.784483 0.868324 0.769397 0.875691 0.769397 0.885359 0.780172 0.888812 0.778017 0.88605 0.764009 0.875691 0.758621
1 0.930249 0.831897 0.919199 0.837284 0.894337 0.8125 0.889503 0.800647 0.88674 0.810345 0.871547 0.829741 0.85221 0.830819 0.846685 0.826509 0.848066 0.795259 0.84047 0.787716 0.828039 0.813578 0.799724 0.838362 0.777624 0.851293 0.781077 0.856681 0.810773 0.868534 0.832182 0.863147 0.843232 0.866379 0.859116 0.878233 0.935083 0.864224 0.939227 0.855603 0.939227 0.834052 0.930249 0.831897
1 0.748619 0.465517 0.732044 0.551724 0.727901 0.55819 0.729972 0.567888 0.73826 0.568966 0.741713 0.563578 0.755525 0.502155 0.777624 0.46875 0.778315 0.43319 0.771409 0.432112 0.748619 0.465517
1 0.935773 0.503233 0.923343 0.512931 0.893646 0.547414 0.872238 0.561422 0.866022 0.572198 0.904006 0.565733 0.937845 0.544181 0.947514 0.53125 0.941298 0.505388 0.935773 0.503233
1 1.0 0.49569 0.997238 0.493534 0.991713 0.49569 0.98826 0.519397 0.999309 0.520474 1.0 0.51875 1.0 0.49569
1 1.0 0.529095 0.986878 0.534483 0.973066 0.5625 0.962017 0.571121 0.962017 0.614224 0.972376 0.608836 0.977901 0.594828 0.98826 0.582974 0.997928 0.579741 1.0 0.580665 1.0 0.529095
1 0.625 0.733836 0.625691 0.742457 0.632597 0.747845 0.640884 0.744612 0.642265 0.732759 0.638122 0.71875 0.625 0.733836
1 0.691298 0.726293 0.680249 0.716595 0.678867 0.705819 0.649171 0.737069 0.641575 0.773707 0.651934 0.809267 0.665746 0.809267 0.668508 0.788793 0.678867 0.769397 0.689917 0.764009 0.697514 0.75431 0.696823 0.743534 0.691298 0.726293
1 0.518646 0.645474 0.507597 0.665948 0.502072 0.658405 0.498619 0.644397 0.493785 0.647629 0.483425 0.670259 0.489641 0.693247 0.48826 0.712284 0.480663 0.735991 0.46547 0.756466 0.459945 0.775862 0.459254 0.826509 0.470304 0.825431 0.48826 0.774784 0.510359 0.743534 0.513122 0.727371 0.51174 0.706358 0.520028 0.679957 0.527624 0.672414 0.54489 0.671336 0.549724 0.662716 0.548343 0.65625 0.518646 0.645474
1 0.445442 0.842672 0.44337 0.860991 0.434392 0.883621 0.430939 0.924569 0.440608 0.911638 0.450276 0.885776 0.469613 0.859914 0.468923 0.823276 0.445442 0.842672
1 0.462017 0.810345 0.460635 0.800647 0.446823 0.824353 0.429558 0.829741 0.424033 0.817888 0.418508 0.818966 0.415746 0.857759 0.424724 0.871767 0.428867 0.890086 0.424724 0.91056 0.415746 0.923491 0.41989 0.947198 0.426105 0.947198 0.430939 0.938578 0.450967 0.882543 0.46547 0.862069 0.470304 0.815733 0.462017 0.810345
1 0.377762 0.453664 0.357735 0.453664 0.353591 0.460129 0.354282 0.469828 0.367403 0.503233 0.36326 0.53125 0.354282 0.551724 0.353591 0.609914 0.357044 0.622845 0.360497 0.625 0.364641 0.621767 0.362569 0.616379 0.36326 0.588362 0.373619 0.563578 0.377072 0.53125 0.383287 0.515086 0.379834 0.498922 0.387431 0.469828 0.381215 0.457974 0.377762 0.453664
1 0.332873 0.485991 0.333564 0.476293 0.328729 0.456897 0.325276 0.453664 0.314227 0.455819 0.308702 0.470905 0.302486 0.477371 0.320442 0.539871 0.324586 0.564655 0.332873 0.582974 0.338398 0.613147 0.348066 0.62931 0.35221 0.643319 0.353591 0.658405 0.351519 0.667026 0.339779 0.669181 0.339779 0.676724 0.351519 0.672414 0.361878 0.686422 0.36326 0.696121 0.357735 0.702586 0.354972 0.71444 0.357735 0.727371 0.366022 0.725216 0.372928 0.697198 0.372928 0.653017 0.332873 0.485991
1 0.276934 0.228448 0.263812 0.252155 0.257597 0.255388 0.246547 0.241379 0.234116 0.203664 0.226519 0.197198 0.216851 0.200431 0.224448 0.246767 0.235497 0.266164 0.239641 0.28556 0.246547 0.299569 0.247238 0.325431 0.251381 0.335129 0.249309 0.352371 0.252762 0.369612 0.255525 0.377155 0.265884 0.381466 0.274862 0.399784 0.283149 0.429957 0.281077 0.438578 0.283149 0.439655 0.287293 0.469828 0.30663 0.484914 0.305249 0.476293 0.308702 0.465517 0.308702 0.449353 0.290746 0.405172 0.285221 0.358836 0.274862 0.340517 0.268646 0.310345 0.271409 0.295259 0.270028 0.262931 0.279006 0.232759 0.276934 0.228448
1 0.260359 0.461207 0.25 0.4375 0.239641 0.423491 0.231354 0.385776 0.222376 0.376078 0.209254 0.33944 0.203729 0.293103 0.19337 0.273707 0.189917 0.257543 0.178177 0.242457 0.173343 0.224138 0.175414 0.211207 0.169199 0.209052 0.164365 0.199353 0.161602 0.199353 0.15884 0.203664 0.160912 0.25 0.153315 0.260776 0.152624 0.270474 0.155387 0.275862 0.179558 0.289871 0.186464 0.302802 0.188536 0.317888 0.187155 0.335129 0.177486 0.344828 0.180939 0.367457 0.20511 0.383621 0.219613 0.435345 0.216851 0.456897 0.244475 0.488147 0.251381 0.519397 0.263122 0.506466 0.263122 0.489224 0.260359 0.461207
1 0.310773 0.332974 0.296271 0.355603 0.29489 0.407328 0.299724 0.405172 0.304558 0.387931 0.308011 0.360273 0.315608 0.342672 0.312845 0.335129 0.310773 0.332974
1 0.294199 0.418103 0.290055 0.424569 0.29489 0.431034 0.297652 0.428879 0.296961 0.419181 0.294199 0.418103
1 0.122928 0.239224 0.116713 0.228448 0.112569 0.210129 0.096685 0.215517 0.095994 0.242457 0.116022 0.255388 0.115331 0.260776 0.118785 0.265086 0.149862 0.272629 0.156768 0.265086 0.155387 0.257543 0.122928 0.239224
1 0.053867 0.239224 0.055249 0.239224 0.055249 0.237608 0.053867 0.237608 0.053867 0.239224
1 0.127072 0.056034 0.112569 0.030172 0.104282 0.025862 0.097376 0.033405 0.095994 0.050647 0.088398 0.073276 0.089779 0.077586 0.103591 0.076509 0.120856 0.082974 0.133978 0.067888 0.133978 0.0625 0.127072 0.056034
1 0.139503 0.072198 0.132597 0.077586 0.126381 0.09806 0.129834 0.108836 0.137431 0.110991 0.142265 0.104526 0.145718 0.092672 0.145028 0.080819 0.139503 0.072198
1 0.214779 0.056034 0.203729 0.059267 0.195442 0.092672 0.20442 0.096983 0.211326 0.092672 0.222376 0.078664 0.223066 0.067888 0.214779 0.056034
1 0.29489 0.039871 0.277624 0.042026 0.265193 0.057112 0.246547 0.054957 0.245166 0.059267 0.263122 0.077586 0.281768 0.081897 0.293508 0.061422 0.301105 0.054957 0.301105 0.047414 0.29489 0.039871
1 0.05732 0.044181 0.05663 0.02694 0.051105 0.015086 0.052486 0.010776 0.047652 0.007543 0.035221 0.063578 0.037983 0.078664 0.042127 0.081897 0.055249 0.080819 0.064227 0.067888 0.064917 0.056034 0.05732 0.044181
1 0.069751 0.147629 0.059392 0.145474 0.052486 0.15625 0.060773 0.168103 0.071823 0.170259 0.072514 0.155172 0.069751 0.147629
1 0.185083 0.061422 0.179558 0.061422 0.16989 0.073276 0.169199 0.080819 0.177486 0.087284 0.185773 0.086207 0.189917 0.080819 0.189227 0.073276 0.185083 0.061422
1 0.17058 0.157328 0.156077 0.159483 0.155387 0.167026 0.15884 0.178879 0.171271 0.181034 0.175414 0.172414 0.174724 0.161638 0.17058 0.157328
1 0.16989 0.19181 0.157459 0.199353 0.15953 0.213362 0.17058 0.220905 0.178177 0.205819 0.178177 0.193966 0.16989 0.19181
1 0.20442 0.16056 0.198895 0.162716 0.198204 0.173491 0.20511 0.177802 0.209945 0.171336 0.208564 0.164871 0.20442 0.16056
1 0.155387 0.336207 0.149171 0.323276 0.145028 0.292026 0.156077 0.265086 0.142956 0.253233 0.120856 0.24569 0.115331 0.232759 0.111878 0.212284 0.107735 0.212284 0.10221 0.220905 0.095994 0.215517 0.093232 0.21875 0.092541 0.240302 0.082873 0.244612 0.062845 0.246767 0.055939 0.227371 0.048343 0.226293 0.04558 0.230603 0.043508 0.239224 0.04489 0.25 0.055939 0.261853 0.060083 0.28125 0.066989 0.289871 0.089779 0.294181 0.109116 0.286638 0.127762 0.30819 0.133978 0.328664 0.133287 0.34375 0.174033 0.369612 0.183011 0.37069 0.18232 0.355603 0.155387 0.336207
1 0.053177 0.226293 0.04489 0.229526 0.040746 0.252155 0.031077 0.262931 0.03453 0.273707 0.044199 0.273707 0.058702 0.25 0.060083 0.240302 0.058011 0.232759 0.053177 0.226293
1 0.165746 0.408405 0.162983 0.412716 0.165055 0.413793 0.163674 0.421336 0.165746 0.427802 0.15884 0.435345 0.151934 0.432112 0.142265 0.440733 0.129144 0.438578 0.121547 0.43319 0.115331 0.422414 0.112569 0.408405 0.096685 0.403017 0.098757 0.425647 0.085635 0.438578 0.070442 0.438578 0.055939 0.431034 0.046961 0.439655 0.037983 0.435345 0.022099 0.439655 0.007597 0.4375 0.002072 0.445043 0.015193 0.462284 0.025552 0.485991 0.049033 0.470905 0.069061 0.469828 0.115331 0.457974 0.122238 0.466595 0.138122 0.46444 0.180939 0.476293 0.184392 0.502155 0.19268 0.503233 0.197514 0.498922 0.191989 0.493534 0.185083 0.46875 0.177486 0.466595 0.177486 0.461207 0.167818 0.442888 0.178177 0.428879 0.165746 0.408405
1 0.155387 0.383621 0.129834 0.344828 0.115331 0.342672 0.104972 0.346983 0.084945 0.314655 0.086326 0.310345 0.082182 0.307112 0.078039 0.294181 0.059392 0.270474 0.058011 0.27694 0.062845 0.294181 0.071133 0.310345 0.07942 0.318966 0.07942 0.324353 0.075967 0.326509 0.082873 0.332974 0.084254 0.337284 0.080801 0.342672 0.084254 0.345905 0.089088 0.365302 0.104282 0.378233 0.108425 0.392241 0.122238 0.400862 0.132597 0.394397 0.149171 0.425647 0.155387 0.425647 0.168508 0.419181 0.17058 0.413793 0.167127 0.387931 0.155387 0.383621
1 0.229282 0.436422 0.22721 0.442888 0.208564 0.449353 0.196823 0.440733 0.188536 0.44181 0.187845 0.446121 0.207182 0.469828 0.229282 0.470905 0.234116 0.466595 0.232735 0.456897 0.23895 0.440733 0.236878 0.439655 0.229282 0.436422
1 0.233425 0.733836 0.225829 0.729526 0.167127 0.637931 0.124309 0.627155 0.116713 0.62069 0.109116 0.622845 0.109807 0.634698 0.118785 0.658405 0.143646 0.670259 0.167818 0.667026 0.177486 0.674569 0.187155 0.693966 0.189227 0.704741 0.184392 0.72306 0.185083 0.731681 0.214088 0.742457 0.232735 0.755388 0.239641 0.753233 0.241022 0.744612 0.233425 0.733836
1 0.196133 0.711207 0.189227 0.720905 0.174033 0.727371 0.154006 0.727371 0.140884 0.702586 0.137431 0.703664 0.107735 0.748922 0.107044 0.758621 0.111878 0.78125 0.118785 0.773707 0.118785 0.769397 0.143646 0.746767 0.154696 0.741379 0.180249 0.748922 0.207873 0.741379 0.209945 0.744612 0.22721 0.74569 0.228591 0.735991 0.218923 0.727371 0.196133 0.711207
1 0.263812 0.882543 0.249309 0.873922 0.248619 0.862069 0.205801 0.826509 0.183011 0.815733 0.175414 0.806034 0.167818 0.818966 0.152624 0.829741 0.137431 0.856681 0.137431 0.867457 0.141575 0.871767 0.164365 0.851293 0.185773 0.856681 0.194061 0.866379 0.189917 0.887931 0.194061 0.896552 0.203729 0.892241 0.213398 0.869612 0.223066 0.864224 0.234807 0.87069 0.241713 0.883621 0.244475 0.899784 0.263812 0.909483 0.268646 0.907328 0.267956 0.903017 0.263812 0.882543
1 0.426872 0.675652 0.428791 0.675652 0.428791 0.673852 0.426872 0.673852 0.426872 0.675652
1 0.398481 0.53556 0.390884 0.512931 0.384669 0.514009 0.383287 0.543103 0.389503 0.5625 0.383287 0.567888 0.392265 0.588362 0.393646 0.604526 0.388122 0.633621 0.381215 0.637931 0.383978 0.641164 0.383287 0.657328 0.381215 0.671336 0.374309 0.688578 0.378453 0.702586 0.375691 0.72306 0.381215 0.742457 0.381215 0.760776 0.390193 0.771552 0.392265 0.786638 0.38605 0.807112 0.379604 0.815733 0.369475 0.813578 0.367403 0.817888 0.387431 0.842672 0.396409 0.842672 0.403315 0.836207 0.40953 0.783405 0.402624 0.756466 0.407459 0.747845 0.398481 0.717672 0.40884 0.62069 0.406768 0.588362 0.411602 0.581897 0.40884 0.559267 0.412983 0.551724 0.413674 0.539871 0.398481 0.53556
1 0.440608 0.672414 0.439227 0.669181 0.437155 0.673491 0.430249 0.673491 0.428177 0.664871 0.423343 0.677802 0.426105 0.692888 0.424033 0.710129 0.417818 0.733836 0.412983 0.735991 0.410912 0.743534 0.412293 0.764009 0.418508 0.767241 0.421271 0.778017 0.441298 0.760776 0.441989 0.713362 0.448895 0.671336 0.440608 0.672414
1 0.473066 0.650862 0.464088 0.657328 0.459254 0.671336 0.447514 0.686422 0.441989 0.707974 0.444061 0.729526 0.439917 0.744612 0.44337 0.756466 0.461326 0.787716 0.464088 0.784483 0.470994 0.748922 0.47721 0.74569 0.479972 0.731681 0.477901 0.726293 0.464088 0.725216 0.458564 0.716595 0.455801 0.702586 0.458564 0.699353 0.460635 0.678879 0.472376 0.674569 0.477901 0.667026 0.473066 0.650862
1 0.325967 0.455819 0.312155 0.456897 0.305939 0.46875 0.301796 0.467672 0.299033 0.47306 0.310083 0.505388 0.310083 0.520474 0.30663 0.522629 0.305249 0.53556 0.320442 0.567888 0.335635 0.579741 0.338398 0.568966 0.342541 0.567888 0.325276 0.503233 0.325276 0.488147 0.33011 0.484914 0.332873 0.476293 0.325967 0.455819
1 0.42058 0.772629 0.413674 0.780172 0.410221 0.799569 0.410221 0.825431 0.417127 0.841595 0.424724 0.841595 0.428867 0.829741 0.423343 0.809267 0.423343 0.778017 0.42058 0.772629
1 0.387431 0.81681 0.381906 0.822198 0.374309 0.820043 0.361878 0.807112 0.358425 0.792026 0.359807 0.77694 0.371547 0.764009 0.365331 0.735991 0.358425 0.729526 0.349908 0.730603 0.334945 0.721983 0.324586 0.697198 0.31768 0.698276 0.312845 0.752155 0.315608 0.758621 0.331492 0.772629 0.337707 0.795259 0.338398 0.818966 0.349448 0.849138 0.366022 0.87069 0.366713 0.896552 0.36395 0.911638 0.359807 0.915948 0.361878 0.926724 0.38674 0.94181 0.392265 0.9375 0.396409 0.926724 0.387431 0.896552 0.387431 0.882543 0.396409 0.851293 0.388122 0.844828 0.392265 0.820043 0.387431 0.81681
1 0.314917 0.841595 0.303867 0.827586 0.299724 0.814655 0.296271 0.795259 0.29558 0.762931 0.289365 0.756466 0.283149 0.756466 0.267956 0.768319 0.272099 0.788793 0.275552 0.793103 0.267956 0.813578 0.250691 0.814655 0.245856 0.810345 0.236878 0.778017 0.229282 0.787716 0.230663 0.798491 0.228591 0.804957 0.234116 0.814655 0.236188 0.831897 0.233425 0.834052 0.237569 0.850216 0.252762 0.853448 0.254834 0.859914 0.265884 0.868534 0.281077 0.859914 0.296961 0.867457 0.303177 0.883621 0.303867 0.90194 0.312155 0.927802 0.312845 0.940733 0.320442 0.949353 0.336326 0.955819 0.338398 0.948276 0.328039 0.917026 0.321133 0.865302 0.314917 0.841595
1 0.332182 0.657328 0.334254 0.649784 0.326657 0.640086 0.303177 0.633621 0.296961 0.637931 0.287293 0.632543 0.28453 0.635776 0.280387 0.667026 0.299724 0.685345 0.304558 0.695043 0.305939 0.711207 0.309392 0.717672 0.336326 0.746767 0.339779 0.741379 0.339779 0.72306 0.328729 0.713362 0.327348 0.701509 0.331492 0.685345 0.339088 0.678879 0.338398 0.665948 0.332182 0.657328
1 0.279696 0.538793 0.269337 0.518319 0.265193 0.506466 0.265884 0.5 0.258978 0.493534 0.254834 0.497845 0.256215 0.503233 0.249309 0.534483 0.23895 0.545259 0.23895 0.549569 0.248619 0.567888 0.263122 0.574353 0.273481 0.587284 0.281768 0.62931 0.299033 0.634698 0.302486 0.625 0.297652 0.609914 0.296271 0.588362 0.308702 0.547414 0.304558 0.53556 0.279696 0.538793
1 0.226519 0.578664 0.200276 0.540948 0.183011 0.53125 0.174033 0.536638 0.15953 0.534483 0.144337 0.512931 0.108425 0.533405 0.093923 0.528017 0.081492 0.505388 0.077348 0.511853 0.074586 0.52694 0.061464 0.53556 0.04558 0.533405 0.042127 0.536638 0.037293 0.55819 0.040746 0.56681 0.048343 0.571121 0.048343 0.579741 0.051796 0.587284 0.158149 0.571121 0.173343 0.581897 0.200967 0.576509 0.209945 0.586207 0.223066 0.615302 0.236878 0.625 0.234116 0.596983 0.226519 0.578664
1 0.225138 0.53556 0.209945 0.522629 0.205801 0.511853 0.203729 0.490302 0.188536 0.497845 0.191989 0.521552 0.202348 0.537716 0.245166 0.559267 0.246547 0.551724 0.243785 0.544181 0.225138 0.53556
1 0.288674 0.945043 0.276934 0.947198 0.274171 0.952586 0.278315 0.962284 0.296961 0.967672 0.315608 0.956897 0.31837 0.952586 0.314227 0.948276 0.288674 0.945043
1 0.348066 0.959052 0.344613 0.965517 0.345304 0.978448 0.354282 0.985991 0.359807 0.971983 0.356354 0.959052 0.348066 0.959052
1 0.298343 0.730603 0.281077 0.726293 0.269337 0.71444 0.258978 0.674569 0.239641 0.636853 0.234116 0.604526 0.219613 0.586207 0.212707 0.584052 0.219613 0.604526 0.218923 0.62069 0.21547 0.631466 0.208564 0.636853 0.203039 0.635776 0.177486 0.62069 0.183011 0.634698 0.185083 0.650862 0.213398 0.668103 0.222376 0.667026 0.233425 0.673491 0.242403 0.689655 0.246547 0.710129 0.26174 0.728448 0.302486 0.756466 0.310083 0.755388 0.310083 0.744612 0.30663 0.737069 0.298343 0.730603
1 0.276934 0.743534 0.258287 0.738147 0.252072 0.731681 0.243094 0.730603 0.236878 0.739224 0.240331 0.74569 0.241022 0.759698 0.265884 0.767241 0.274862 0.778017 0.279006 0.778017 0.283149 0.762931 0.281077 0.752155 0.276934 0.743534
1 0.0 0.381815 0.018646 0.37069 0.026934 0.372845 0.042127 0.384698 0.049033 0.403017 0.052486 0.40194 0.062155 0.382543 0.107735 0.373922 0.116022 0.368534 0.116713 0.357759 0.09047 0.342672 0.078729 0.31681 0.075967 0.330819 0.063536 0.334052 0.054558 0.341595 0.042818 0.341595 0.025552 0.320043 0.017265 0.296336 0.01174 0.294181 0.005525 0.302802 0.004144 0.326509 0.0 0.332974 0.0 0.381815
1 0.209254 0.755388 0.203039 0.748922 0.183011 0.753233 0.174033 0.768319 0.174033 0.779095 0.18163 0.78556 0.194751 0.769397 0.203729 0.770474 0.21547 0.800647 0.223066 0.801724 0.224448 0.793103 0.219613 0.77694 0.209254 0.755388
1 0.649171 0.052802 0.642265 0.050647 0.631215 0.064655 0.648481 0.079741 0.656077 0.075431 0.65953 0.065733 0.649171 0.052802
1 0.950276 0.262931 0.946823 0.268319 0.947514 0.294181 0.958564 0.282328 0.958564 0.268319 0.950276 0.262931
1 0.950967 0.265086 0.950967 0.272629 0.95511 0.278017 0.95511 0.267241 0.950967 0.265086
1 0.935773 0.278017 0.930939 0.287716 0.93232 0.302802 0.939227 0.302802 0.94268 0.297414 0.94337 0.286638 0.947514 0.28556 0.94337 0.284483 0.939917 0.27694 0.935773 0.278017