1 0.011719 0.0 0.013021 0.028426 0.019531 0.033503 0.021484 0.039594 0.022786 0.069036 0.020182 0.102538 0.032552 0.120812 0.037109 0.13401 0.035807 0.140102 0.030599 0.141117 0.035807 0.145178 0.036458 0.152284 0.049479 0.162437 0.059245 0.175635 0.067057 0.215228 0.079427 0.233503 0.068359 0.247716 0.059245 0.247716 0.052734 0.255838 0.052734 0.279188 0.056641 0.281218 0.060547 0.294416 0.095703 0.31066 0.100911 0.318782 0.110026 0.347208 0.106771 0.379695 0.092448 0.389848 0.083984 0.389848 0.078125 0.40203 0.080729 0.405076 0.102865 0.404061 0.11263 0.411168 0.115234 0.42132 0.114583 0.448731 0.152344 0.46599 0.157552 0.484264 0.158203 0.491371 0.154297 0.500508 0.151042 0.521827 0.139974 0.529949 0.138021 0.539086 0.120443 0.538071 0.116536 0.532995 0.110677 0.532995 0.113281 0.556345 0.211589 0.634518 0.226562 0.66599 0.235677 0.677157 0.246745 0.676142 0.241536 0.663959 0.240234 0.592893 0.24349 0.582741 0.242839 0.568528 0.23763 0.559391 0.233724 0.559391 0.230469 0.560406 0.228516 0.570558 0.220052 0.572589 0.21875 0.545178 0.199219 0.521827 0.19401 0.51066 0.192708 0.479188 0.194661 0.464975 0.200521 0.458883 0.201172 0.446701 0.1875 0.404061 0.177734 0.395939 0.10612 0.181726 0.113281 0.167513 0.113932 0.158376 0.110026 0.153299 0.103516 0.154315 0.091146 0.141117 0.055339 0.080203 0.053385 0.048731 0.055339 0.032487 0.063151 0.02132 0.063802 0.0 0.011719 0.0
1 0.057783 0.406091 0.076501 0.406091 0.076501 0.403553 0.057783 0.403553 0.057783 0.406091
1 0.0 0.259898 0.016927 0.26599 0.040365 0.286294 0.058594 0.295431 0.080078 0.297462 0.10026 0.308629 0.11263 0.306599 0.10612 0.296447 0.091797 0.288325 0.073568 0.26802 0.070964 0.251777 0.067708 0.246701 0.060547 0.246701 0.048828 0.254822 0.022135 0.24264 0.013672 0.227411 0.007161 0.195939 0.001953 0.190863 0.0 0.190863 0.0 0.259898
1 0.0 0.446701 0.003255 0.449746 0.004557 0.472081 0.010417 0.46802 0.018229 0.452792 0.025391 0.449746 0.044922 0.451777 0.05013 0.455838 0.0625 0.481218 0.066406 0.504569 0.063151 0.513706 0.065104 0.520812 0.075521 0.521827 0.08138 0.517766 0.082682 0.509645 0.079427 0.498477 0.079427 0.490355 0.082031 0.48731 0.079427 0.481218 0.08138 0.478173 0.072917 0.46599 0.078125 0.459898 0.064453 0.443655 0.060547 0.432487 0.051432 0.431472 0.039714 0.422335 0.039714 0.418274 0.029948 0.417259 0.020182 0.410152 0.003906 0.417259 0.0 0.428426 0.0 0.446701
1 0.0 0.31066 0.009115 0.317766 0.017578 0.332995 0.021484 0.358376 0.03776 0.411168 0.054688 0.418274 0.052734 0.405076 0.061849 0.39797 0.083984 0.406091 0.095052 0.403046 0.08724 0.394924 0.0625 0.382741 0.057292 0.371574 0.052734 0.349239 0.031901 0.315736 0.016276 0.308629 0.001953 0.294416 0.0 0.294416 0.0 0.31066
1 0.039062 0.550254 0.054036 0.551269 0.072266 0.546193 0.10026 0.552284 0.115885 0.563452 0.139323 0.562437 0.150391 0.564467 0.153646 0.569543 0.158203 0.564467 0.151042 0.55533 0.138021 0.551269 0.123047 0.540102 0.098958 0.537056 0.08138 0.527919 0.065104 0.528934 0.040365 0.540102 0.026042 0.540102 0.026042 0.543147 0.039062 0.550254
1 0.0 0.585787 0.045573 0.608122 0.053385 0.628426 0.068359 0.604061 0.080729 0.593909 0.091797 0.594924 0.111979 0.613198 0.128255 0.649746 0.142578 0.656853 0.147135 0.654822 0.14388 0.628426 0.135417 0.62132 0.104167 0.577665 0.08724 0.57665 0.07487 0.565482 0.067057 0.570558 0.056641 0.566497 0.046224 0.57665 0.035807 0.568528 0.01888 0.568528 0.003255 0.560406 0.0 0.560406 0.0 0.585787
1 0.029297 0.561421 0.032552 0.569543 0.038411 0.573604 0.045573 0.573604 0.052734 0.581726 0.059245 0.581726 0.059896 0.587817 0.063802 0.591878 0.085938 0.587817 0.095052 0.593909 0.098307 0.591878 0.096354 0.585787 0.074219 0.563452 0.063802 0.563452 0.05599 0.55533 0.054036 0.541117 0.065104 0.537056 0.060547 0.53401 0.038411 0.542132 0.025391 0.541117 0.026042 0.561421 0.029297 0.561421
1 0.0 0.439594 0.005208 0.440609 0.013021 0.435533 0.016927 0.425381 0.024089 0.427411 0.025391 0.433503 0.029297 0.431472 0.035807 0.436548 0.04362 0.437563 0.045573 0.433503 0.044922 0.425381 0.040365 0.417259 0.022135 0.404061 0.019531 0.39797 0.001953 0.395939 0.0 0.396954 0.0 0.439594
1 0.120443 0.657868 0.125 0.669036 0.136719 0.680203 0.160807 0.694416 0.17513 0.696447 0.188802 0.705584 0.195312 0.705584 0.196615 0.699492 0.190104 0.682234 0.166667 0.676142 0.154297 0.664975 0.149089 0.653807 0.14388 0.625381 0.128906 0.620305 0.125651 0.620305 0.123698 0.625381 0.123698 0.643655 0.120443 0.657868
1 0.130208 0.73401 0.17513 0.759391 0.182943 0.759391 0.202474 0.73198 0.214193 0.721827 0.220052 0.703553 0.218099 0.691371 0.207682 0.680203 0.207031 0.671066 0.203125 0.667005 0.199219 0.673096 0.201172 0.684264 0.195312 0.691371 0.190104 0.707614 0.182292 0.71269 0.171875 0.711675 0.158203 0.721827 0.14388 0.71269 0.133464 0.722843 0.130208 0.726904 0.130208 0.73401
1 0.095052 0.765482 0.098307 0.764467 0.128906 0.738071 0.119792 0.728934 0.108724 0.726904 0.10612 0.736041 0.091797 0.753299 0.090495 0.760406 0.095052 0.765482
1 0.08138 0.761421 0.089193 0.761421 0.094401 0.738071 0.106771 0.723858 0.108724 0.711675 0.103516 0.707614 0.095052 0.715736 0.084635 0.717766 0.078125 0.723858 0.073568 0.735025 0.074219 0.754315 0.08138 0.761421
1 0.039062 0.688325 0.066406 0.690355 0.073568 0.686294 0.070964 0.679188 0.054688 0.663959 0.042969 0.667005 0.037109 0.677157 0.036458 0.684264 0.039062 0.688325
1 0.0 0.753299 0.014974 0.748223 0.028646 0.736041 0.053385 0.726904 0.057943 0.720812 0.057943 0.715736 0.053385 0.71269 0.013672 0.727919 0.0 0.73401 0.0 0.753299
1 0.156901 0.857868 0.169271 0.858883 0.17513 0.851777 0.188151 0.870051 0.204427 0.863959 0.222656 0.838579 0.220703 0.832487 0.195964 0.814213 0.193359 0.804061 0.184896 0.805076 0.179036 0.817259 0.172526 0.822335 0.157552 0.825381 0.14974 0.837563 0.14974 0.847716 0.156901 0.857868
1 0.229167 0.892386 0.248698 0.893401 0.26888 0.884264 0.288411 0.895431 0.292969 0.903553 0.294922 0.900508 0.29362 0.892386 0.277344 0.869036 0.25 0.854822 0.242839 0.853807 0.223958 0.875127 0.223307 0.885279 0.229167 0.892386
1 0.154297 0.854822 0.164714 0.859898 0.171224 0.857868 0.17513 0.850761 0.178385 0.851777 0.185547 0.872081 0.195312 0.875127 0.201823 0.871066 0.20638 0.873096 0.217448 0.863959 0.221354 0.867005 0.220052 0.874112 0.226562 0.892386 0.258464 0.884264 0.264974 0.869036 0.263021 0.864975 0.253255 0.862944 0.246745 0.851777 0.246745 0.837563 0.257812 0.822335 0.260417 0.804061 0.254557 0.796954 0.251302 0.786802 0.251953 0.77665 0.248698 0.771574 0.24349 0.77665 0.24349 0.808122 0.236979 0.824365 0.223307 0.827411 0.212891 0.824365 0.208333 0.817259 0.20638 0.803046 0.203125 0.805076 0.195964 0.79797 0.184245 0.804061 0.179036 0.818274 0.171875 0.824365 0.162109 0.825381 0.152344 0.834518 0.151042 0.843655 0.154297 0.854822
1 0.23763 0.747208 0.245443 0.75533 0.255859 0.77665 0.257161 0.783756 0.255208 0.787817 0.261719 0.806091 0.26888 0.804061 0.279297 0.786802 0.286458 0.787817 0.291016 0.780711 0.29362 0.764467 0.30599 0.744162 0.313151 0.738071 0.285807 0.736041 0.283203 0.726904 0.283203 0.709645 0.279948 0.706599 0.274089 0.71066 0.26888 0.725888 0.260417 0.73198 0.244792 0.720812 0.220052 0.721827 0.21224 0.727919 0.212891 0.742132 0.23763 0.747208
1 0.236328 0.709645 0.242188 0.711675 0.244792 0.708629 0.244792 0.699492 0.240234 0.690355 0.235026 0.688325 0.230469 0.692386 0.229818 0.699492 0.236328 0.709645
1 0.171875 0.743147 0.17513 0.75533 0.184245 0.75533 0.192057 0.747208 0.193359 0.724873 0.173828 0.726904 0.175781 0.737056 0.171875 0.743147
1 0.192057 0.718782 0.195312 0.718782 0.201823 0.729949 0.225911 0.721827 0.227865 0.71066 0.223958 0.691371 0.217448 0.684264 0.20638 0.68731 0.204427 0.705584 0.192057 0.718782
1 0.264974 0.701523 0.268229 0.706599 0.269531 0.723858 0.266276 0.739086 0.261068 0.740102 0.253255 0.749239 0.254557 0.765482 0.265625 0.769543 0.283203 0.767513 0.289714 0.75736 0.283203 0.713706 0.285156 0.708629 0.300781 0.699492 0.303385 0.690355 0.310547 0.68934 0.315755 0.658883 0.314453 0.646701 0.307292 0.636548 0.300781 0.653807 0.30013 0.664975 0.289062 0.682234 0.276042 0.690355 0.261719 0.68731 0.257812 0.699492 0.261719 0.703553 0.264974 0.701523
1 0.13737 0.95533 0.158854 0.967513 0.147135 0.920812 0.136719 0.915736 0.128906 0.928934 0.128255 0.939086 0.13737 0.95533
1 0.154894 1.0 0.161458 0.988832 0.171875 0.989848 0.178385 0.982741 0.157552 0.964467 0.151693 0.969543 0.11263 0.966497 0.10026 0.974619 0.098958 0.985787 0.102865 0.992893 0.121745 0.991878 0.121311 1.0 0.133937 1.0 0.139323 0.992893 0.148438 0.990863 0.14974 0.99797 0.152778 1.0 0.154894 1.0
1 0.18673 1.0 0.188802 0.992893 0.181641 0.991878 0.175485 1.0 0.18673 1.0
1 0.119141 0.900508 0.123698 0.900508 0.127604 0.895431 0.127604 0.885279 0.125 0.880203 0.119141 0.878173 0.114583 0.883249 0.114583 0.892386 0.119141 0.900508
1 0.025391 0.860914 0.028646 0.864975 0.036458 0.863959 0.038411 0.858883 0.037109 0.847716 0.027344 0.845685 0.02474 0.849746 0.025391 0.860914
1 0.248372 1.0 0.255208 0.998985 0.276042 0.988832 0.280599 0.97665 0.275391 0.973604 0.223307 0.989848 0.216797 0.99797 0.213469 1.0 0.248372 1.0
1 0.289062 1.0 0.297526 0.99797 0.290365 0.994924 0.285807 0.99797 0.276693 0.985787 0.277995 0.97868 0.273438 0.97665 0.259766 0.980711 0.233724 0.971574 0.195964 0.97868 0.195312 0.985787 0.203125 0.992893 0.205078 1.0 0.247396 1.0 0.260677 1.0 0.26888 0.996954 0.275911 1.0 0.289062 1.0
1 0.223958 0.964467 0.223958 0.969543 0.233724 0.981726 0.251302 0.985787 0.255208 0.981726 0.255208 0.973604 0.248047 0.969543 0.244792 0.946193 0.236979 0.93198 0.230469 0.928934 0.223958 0.919797 0.220703 0.920812 0.216146 0.930964 0.213542 0.942132 0.223958 0.964467
1 0.30599 1.0 0.304036 0.995939 0.271484 0.994924 0.257812 1.0 0.30599 1.0
1 0.301432 0.903553 0.306641 0.920812 0.307292 0.944162 0.304036 0.965482 0.309896 0.973604 0.330729 0.988832 0.341797 0.984772 0.339844 0.973604 0.335286 0.971574 0.332682 0.926904 0.333984 0.91066 0.342448 0.900508 0.341146 0.893401 0.327474 0.880203 0.326823 0.869036 0.322266 0.858883 0.313802 0.860914 0.309896 0.873096 0.30599 0.873096 0.302734 0.864975 0.295573 0.863959 0.290365 0.876142 0.289714 0.882234 0.301432 0.903553
1 0.368032 1.0 0.369792 0.979695 0.340495 0.962437 0.339193 0.969543 0.348307 0.984772 0.351312 1.0 0.368032 1.0
1 0.367188 1.0 0.367188 0.993909 0.370443 0.97665 0.35026 0.970558 0.348958 0.961421 0.335938 0.948223 0.335286 0.940102 0.340495 0.919797 0.346354 0.918782 0.341797 0.906599 0.341797 0.892386 0.332682 0.888325 0.326823 0.900508 0.323568 0.911675 0.326172 0.913706 0.32487 0.918782 0.317057 0.93401 0.317057 0.954315 0.324219 0.970558 0.331141 1.0 0.367188 1.0
1 0.295573 0.698477 0.313802 0.729949 0.338542 0.744162 0.354167 0.772589 0.363932 0.774619 0.376953 0.784772 0.380208 0.781726 0.384766 0.75736 0.389974 0.747208 0.404948 0.735025 0.414062 0.732995 0.421875 0.717766 0.424479 0.686294 0.428385 0.671066 0.419271 0.660914 0.404297 0.628426 0.397786 0.625381 0.391276 0.633503 0.388021 0.659898 0.380859 0.677157 0.354818 0.686294 0.346354 0.680203 0.344401 0.664975 0.332031 0.632487 0.319661 0.625381 0.315755 0.618274 0.309896 0.62335 0.303385 0.662944 0.296875 0.676142 0.298828 0.679188 0.295573 0.698477
1 0.26888 0.515736 0.276693 0.523858 0.285807 0.545178 0.289714 0.548223 0.294922 0.564467 0.295573 0.572589 0.284505 0.584772 0.285807 0.594924 0.308594 0.614213 0.311198 0.601015 0.307943 0.588832 0.315104 0.559391 0.309896 0.556345 0.300781 0.541117 0.296224 0.525888 0.287109 0.513706 0.278646 0.516751 0.276042 0.509645 0.26888 0.507614 0.266927 0.51066 0.26888 0.515736
1 0.410156 0.954315 0.423828 0.974619 0.430339 0.973604 0.432292 0.960406 0.428385 0.940102 0.42513 0.935025 0.417969 0.942132 0.413411 0.938071 0.410156 0.927919 0.403646 0.929949 0.402995 0.941117 0.410156 0.954315
1 0.449094 1.0 0.446615 0.988832 0.442057 0.974619 0.438802 0.974619 0.434896 0.981726 0.431641 0.988832 0.432943 0.99797 0.435156 1.0 0.449094 1.0
1 0.410156 0.878173 0.415365 0.884264 0.416016 0.892386 0.407552 0.894416 0.407552 0.900508 0.42513 0.91066 0.432292 0.898477 0.431641 0.872081 0.436849 0.856853 0.436849 0.84467 0.414062 0.831472 0.407552 0.832487 0.40625 0.836548 0.406901 0.867005 0.410156 0.878173
1 0.438151 0.843655 0.440755 0.852792 0.447917 0.853807 0.451823 0.847716 0.453776 0.833503 0.451172 0.787817 0.457031 0.750254 0.453125 0.738071 0.445312 0.732995 0.438151 0.738071 0.435547 0.749239 0.439453 0.77868 0.438151 0.843655
1 0.476562 0.857868 0.471354 0.864975 0.472656 0.874112 0.485026 0.884264 0.494792 0.909645 0.509115 0.909645 0.513672 0.896447 0.509115 0.860914 0.492188 0.84467 0.488932 0.830457 0.484375 0.824365 0.480469 0.82335 0.479167 0.828426 0.479818 0.841624 0.476562 0.857868
1 0.514974 0.964467 0.520833 0.962437 0.522786 0.95533 0.520833 0.940102 0.514323 0.937056 0.510417 0.942132 0.510417 0.958376 0.514974 0.964467
1 0.528646 0.88934 0.537109 0.879188 0.53776 0.871066 0.529948 0.859898 0.523438 0.861929 0.524089 0.884264 0.528646 0.88934
1 0.401042 0.429442 0.43099 0.461929 0.442708 0.505584 0.45638 0.523858 0.460938 0.548223 0.458333 0.556345 0.459635 0.589848 0.470703 0.6 0.498047 0.68731 0.497396 0.695431 0.507812 0.723858 0.521484 0.747208 0.531901 0.749239 0.539714 0.735025 0.539062 0.722843 0.541667 0.715736 0.55013 0.711675 0.552734 0.695431 0.549479 0.684264 0.533203 0.679188 0.522135 0.651777 0.516276 0.645685 0.516927 0.628426 0.526042 0.610152 0.527344 0.598985 0.516276 0.57665 0.511719 0.549239 0.508464 0.545178 0.48763 0.539086 0.479167 0.518782 0.473958 0.481218 0.479167 0.473096 0.481771 0.475127 0.480469 0.470051 0.484375 0.456853 0.471354 0.430457 0.470052 0.411168 0.463542 0.406091 0.458984 0.415228 0.429036 0.417259 0.414714 0.40203 0.39974 0.418274 0.398438 0.422335 0.401042 0.429442
1 0.55013 0.747208 0.542969 0.759391 0.542969 0.769543 0.552734 0.80203 0.552734 0.815228 0.557292 0.824365 0.570964 0.826396 0.575521 0.820305 0.575521 0.811168 0.567708 0.787817 0.567708 0.77665 0.573568 0.754315 0.582682 0.740102 0.584635 0.719797 0.58138 0.71269 0.578125 0.714721 0.576172 0.722843 0.565755 0.736041 0.554036 0.725888 0.542969 0.721827 0.541667 0.73401 0.55013 0.747208
1 0.308838 0.430208 0.309248 0.430208 0.309248 0.428939 0.308838 0.428939 0.308838 0.430208
1 0.258464 0.206091 0.269531 0.22335 0.285156 0.257868 0.291667 0.264975 0.292969 0.275127 0.296875 0.279188 0.303385 0.299492 0.300781 0.306599 0.295573 0.308629 0.289062 0.294416 0.279297 0.283249 0.270833 0.294416 0.275391 0.305584 0.289714 0.322843 0.294922 0.347208 0.288411 0.371574 0.289062 0.452792 0.29362 0.455838 0.324219 0.44467 0.324219 0.435533 0.318359 0.413198 0.322917 0.386802 0.320312 0.371574 0.316406 0.369543 0.315755 0.360406 0.328125 0.321827 0.338542 0.304569 0.342448 0.290355 0.34375 0.279188 0.334635 0.26802 0.330729 0.253807 0.346354 0.209137 0.346354 0.185787 0.341797 0.180711 0.33724 0.184772 0.33138 0.214213 0.324219 0.225381 0.313802 0.224365 0.309245 0.24467 0.30599 0.247716 0.294271 0.224365 0.297526 0.185787 0.304036 0.164467 0.304036 0.15533 0.283203 0.168528 0.275391 0.162437 0.270833 0.140102 0.267578 0.140102 0.263672 0.152284 0.257161 0.196954 0.258464 0.206091
1 0.244141 0.270051 0.255859 0.276142 0.269531 0.261929 0.255208 0.232487 0.249349 0.230457 0.244792 0.236548 0.241536 0.259898 0.244141 0.270051
1 0.205729 0.0 0.202474 0.013198 0.192057 0.017259 0.203125 0.051777 0.200521 0.073096 0.190104 0.098477 0.164062 0.116751 0.15625 0.13401 0.160807 0.159391 0.182292 0.227411 0.195964 0.259898 0.200521 0.263959 0.203776 0.260914 0.203125 0.251777 0.193359 0.224365 0.192708 0.187817 0.195964 0.173604 0.210938 0.15533 0.220052 0.129949 0.224609 0.059898 0.233724 0.019289 0.23112 0.016244 0.228516 0.0 0.205729 0.0
1 0.139323 0.0 0.136068 0.018274 0.130859 0.073096 0.139974 0.094416 0.139323 0.124873 0.143229 0.140102 0.151042 0.148223 0.155599 0.141117 0.156901 0.109645 0.152344 0.103553 0.14974 0.091371 0.150391 0.078173 0.146484 0.048731 0.151693 0.031472 0.167969 0.013198 0.166667 0.0 0.139323 0.0
1 0.209635 0.424365 0.21875 0.44467 0.23763 0.455838 0.251302 0.477157 0.255208 0.472081 0.259115 0.454822 0.257812 0.437563 0.255208 0.432487 0.250651 0.430457 0.240885 0.436548 0.234375 0.424365 0.224609 0.416244 0.219401 0.403046 0.200521 0.404061 0.19987 0.414213 0.209635 0.424365
1 0.176432 0.294416 0.188802 0.307614 0.197266 0.309645 0.196615 0.298477 0.190755 0.280203 0.179688 0.267005 0.166016 0.260914 0.16862 0.279188 0.176432 0.294416
1 0.221354 0.298477 0.226562 0.349239 0.234375 0.351269 0.239583 0.323858 0.244792 0.314721 0.240234 0.294416 0.222656 0.259898 0.20638 0.239594 0.203125 0.239594 0.201172 0.24467 0.221354 0.298477
1 0.205078 0.349239 0.223307 0.363452 0.22526 0.356345 0.220703 0.341117 0.209635 0.328934 0.202474 0.326904 0.201823 0.338071 0.205078 0.349239
1 0.209635 0.0 0.20638 0.017259 0.195964 0.020305 0.195964 0.034518 0.204427 0.048731 0.207031 0.059898 0.204427 0.062944 0.204427 0.070051 0.195964 0.082234 0.193359 0.101523 0.174479 0.11269 0.169922 0.130964 0.161458 0.144162 0.161458 0.153299 0.178385 0.219289 0.191406 0.253807 0.192708 0.28731 0.198568 0.290355 0.200521 0.294416 0.198568 0.298477 0.203125 0.300508 0.209635 0.290355 0.208984 0.278173 0.210938 0.275127 0.209635 0.259898 0.192708 0.220305 0.19401 0.186802 0.196615 0.172589 0.208333 0.163452 0.220052 0.125888 0.220052 0.11269 0.210938 0.111675 0.209635 0.099492 0.220052 0.081218 0.21875 0.06599 0.224609 0.051777 0.222005 0.036548 0.230469 0.027411 0.231771 0.019289 0.22526 0.012183 0.222656 0.0 0.209635 0.0
1 0.390625 0.163452 0.412109 0.161421 0.419271 0.166497 0.431641 0.184772 0.4375 0.210152 0.434896 0.240609 0.440104 0.255838 0.440755 0.271066 0.455729 0.296447 0.470052 0.301523 0.472005 0.290355 0.46224 0.217259 0.453776 0.190863 0.447917 0.185787 0.440104 0.167513 0.422526 0.149239 0.39388 0.135025 0.379557 0.139086 0.379557 0.151269 0.390625 0.163452
1 0.328125 0.0 0.330078 0.010152 0.341797 0.02132 0.347656 0.014213 0.36263 0.013198 0.378255 0.031472 0.386068 0.056853 0.385417 0.109645 0.397786 0.128934 0.415365 0.132995 0.417969 0.144162 0.421224 0.144162 0.423828 0.152284 0.430339 0.156345 0.43099 0.168528 0.439453 0.175635 0.440755 0.162437 0.435547 0.129949 0.429688 0.118782 0.428385 0.108629 0.419922 0.108629 0.416016 0.104569 0.414714 0.086294 0.404948 0.061929 0.405599 0.052792 0.399089 0.043655 0.395182 0.020305 0.38737 0.0 0.328125 0.0
1 0.403646 0.0 0.411458 0.074112 0.416667 0.079188 0.421224 0.103553 0.425781 0.106599 0.428385 0.101523 0.424479 0.053807 0.426432 0.031472 0.416667 0.013198 0.414062 0.0 0.403646 0.0
1 0.458333 0.162437 0.455729 0.167513 0.445312 0.167513 0.451172 0.172589 0.451823 0.189848 0.46224 0.236548 0.462891 0.264975 0.470703 0.282234 0.470703 0.302538 0.483073 0.341117 0.488281 0.348223 0.498047 0.350254 0.502604 0.336041 0.503255 0.320812 0.499349 0.301523 0.490234 0.277157 0.483724 0.240609 0.476562 0.228426 0.471354 0.207107 0.471354 0.186802 0.476562 0.163452 0.467448 0.140102 0.466146 0.114721 0.459635 0.113706 0.455729 0.124873 0.453776 0.144162 0.458333 0.162437
1 0.481771 0.337056 0.49349 0.358376 0.496094 0.389848 0.504557 0.42132 0.501953 0.437563 0.503255 0.443655 0.511068 0.447716 0.527995 0.469036 0.532552 0.48731 0.546875 0.51066 0.55013 0.529949 0.556641 0.538071 0.560547 0.538071 0.563802 0.529949 0.556641 0.522843 0.550781 0.502538 0.553385 0.495431 0.551432 0.48934 0.554036 0.479188 0.553385 0.462944 0.544271 0.451777 0.542318 0.40203 0.535156 0.394924 0.536458 0.390863 0.520833 0.364467 0.520833 0.323858 0.525391 0.317766 0.526042 0.308629 0.51888 0.292386 0.486979 0.26599 0.483724 0.254822 0.480469 0.251777 0.472005 0.257868 0.473958 0.314721 0.481771 0.337056
1 0.46875 0.0 0.470703 0.013198 0.485677 0.036548 0.494141 0.059898 0.497396 0.084264 0.495443 0.097462 0.496745 0.124873 0.489583 0.140102 0.490234 0.149239 0.514974 0.166497 0.523438 0.195939 0.522786 0.22335 0.515625 0.24467 0.510417 0.248731 0.513672 0.280203 0.518229 0.290355 0.527344 0.279188 0.542969 0.212183 0.548177 0.203046 0.550781 0.175635 0.546224 0.148223 0.546875 0.123858 0.529948 0.106599 0.51888 0.080203 0.516927 0.046701 0.52474 0.02132 0.522135 0.0 0.46875 0.0
1 0.560547 0.523858 0.565755 0.525888 0.561198 0.541117 0.561849 0.561421 0.570964 0.577665 0.577474 0.580711 0.578125 0.55736 0.583333 0.540102 0.578125 0.528934 0.570312 0.525888 0.565755 0.481218 0.56901 0.46802 0.585938 0.44467 0.582682 0.440609 0.575521 0.443655 0.563802 0.460914 0.556641 0.480203 0.557943 0.515736 0.560547 0.523858
1 0.566406 0.0 0.563151 0.005076 0.563802 0.02132 0.570312 0.030457 0.575521 0.053807 0.572917 0.072081 0.567057 0.086294 0.565104 0.102538 0.559245 0.119797 0.561849 0.153299 0.553385 0.184772 0.550781 0.205076 0.551432 0.217259 0.557292 0.237563 0.566406 0.232487 0.566406 0.217259 0.563802 0.210152 0.588542 0.107614 0.597005 0.022335 0.597005 0.0 0.566406 0.0
1 0.563151 0.26802 0.568359 0.275127 0.571615 0.295431 0.610677 0.432487 0.611328 0.44467 0.615885 0.452792 0.621745 0.454822 0.626953 0.445685 0.627604 0.433503 0.620443 0.389848 0.611979 0.369543 0.608724 0.351269 0.609375 0.248731 0.604818 0.249746 0.595052 0.262944 0.587891 0.261929 0.577474 0.250761 0.568359 0.236548 0.563802 0.219289 0.557943 0.215228 0.557943 0.251777 0.563151 0.26802
1 0.544271 0.298477 0.565104 0.315736 0.56901 0.325888 0.571615 0.350254 0.568359 0.371574 0.5625 0.386802 0.561849 0.4 0.557292 0.411168 0.553385 0.410152 0.550781 0.415228 0.544922 0.441624 0.546224 0.463959 0.550781 0.469036 0.556641 0.486294 0.578776 0.433503 0.585938 0.386802 0.585938 0.352284 0.56901 0.28731 0.55599 0.251777 0.554036 0.247716 0.546224 0.251777 0.548177 0.281218 0.544271 0.298477
1 0.683594 0.0 0.686849 0.037563 0.682943 0.055838 0.677734 0.062944 0.669271 0.086294 0.650391 0.108629 0.64974 0.122843 0.64388 0.132995 0.643229 0.140102 0.651693 0.166497 0.657552 0.169543 0.66276 0.159391 0.667969 0.137056 0.675781 0.125888 0.678385 0.105584 0.688151 0.079188 0.695964 0.067005 0.708984 0.017259 0.718099 0.0 0.683594 0.0
1 0.649089 0.0 0.651693 0.014213 0.659505 0.025381 0.663411 0.050761 0.66276 0.062944 0.653646 0.086294 0.653646 0.094416 0.658854 0.094416 0.664714 0.088325 0.672526 0.078173 0.67513 0.069036 0.676432 0.058883 0.671875 0.041624 0.669922 0.017259 0.672526 0.0 0.649089 0.0
1 0.601562 0.0 0.597005 0.055838 0.603516 0.114721 0.600911 0.149239 0.60612 0.160406 0.626302 0.173604 0.630859 0.170558 0.634766 0.15736 0.628255 0.144162 0.626302 0.121827 0.620443 0.113706 0.620443 0.102538 0.611328 0.071066 0.610026 0.049746 0.613281 0.030457 0.621745 0.016244 0.61849 0.0 0.601562 0.0
1 0.61263 0.321827 0.63151 0.290355 0.63737 0.249746 0.644531 0.229442 0.640625 0.213198 0.641276 0.204061 0.646484 0.198985 0.647135 0.191878 0.645833 0.177665 0.633464 0.159391 0.629557 0.161421 0.626302 0.158376 0.616536 0.167513 0.613932 0.17665 0.616536 0.198985 0.61263 0.321827
1 0.655599 0.247716 0.654948 0.284264 0.650391 0.298477 0.662109 0.323858 0.660807 0.344162 0.66276 0.349239 0.654622 0.379188 0.645182 0.389848 0.643229 0.398985 0.650391 0.404061 0.660807 0.404061 0.665365 0.40203 0.672526 0.382741 0.678385 0.356345 0.676432 0.325888 0.673177 0.320812 0.669922 0.299492 0.674479 0.290355 0.67513 0.259898 0.671224 0.248731 0.665365 0.24264 0.656901 0.198985 0.662109 0.173604 0.67513 0.161421 0.677734 0.148223 0.675781 0.143147 0.66862 0.144162 0.651693 0.173604 0.648438 0.201015 0.64974 0.229442 0.655599 0.247716
1 0.664062 0.322843 0.666667 0.351269 0.658854 0.371574 0.650391 0.382741 0.629557 0.386802 0.632161 0.418274 0.636719 0.433503 0.64974 0.441624 0.676432 0.429442 0.684245 0.419289 0.697266 0.383756 0.701172 0.337056 0.708984 0.317766 0.718099 0.307614 0.734375 0.300508 0.742188 0.290355 0.73763 0.281218 0.72526 0.274112 0.705078 0.278173 0.703125 0.259898 0.699219 0.258883 0.695312 0.261929 0.664062 0.261929 0.657552 0.275127 0.652995 0.305584 0.664062 0.322843
1 0.625 0.492386 0.622396 0.511675 0.610677 0.540102 0.614583 0.548223 0.629557 0.539086 0.636068 0.525888 0.647135 0.44467 0.640625 0.439594 0.629557 0.441624 0.621094 0.460914 0.625651 0.482234 0.625 0.492386
1 0.619141 0.568528 0.623047 0.570558 0.65625 0.560406 0.667318 0.548223 0.664714 0.525888 0.657552 0.524873 0.655599 0.53401 0.64388 0.547208 0.621745 0.556345 0.619141 0.560406 0.619141 0.568528
1 0.623047 0.573604 0.638021 0.564467 0.647786 0.553299 0.644531 0.547208 0.644531 0.530964 0.652995 0.51269 0.654948 0.500508 0.654297 0.485279 0.651042 0.478173 0.646484 0.483249 0.647135 0.48731 0.636068 0.51066 0.630208 0.541117 0.617188 0.560406 0.616536 0.569543 0.623047 0.573604
1 0.710938 0.590863 0.722656 0.558376 0.741536 0.536041 0.750651 0.498477 0.748047 0.478173 0.738932 0.488325 0.740885 0.495431 0.735677 0.516751 0.720052 0.526904 0.700521 0.573604 0.701172 0.588832 0.710938 0.590863
1 0.703125 0.590863 0.712891 0.582741 0.727214 0.525888 0.744141 0.438579 0.76237 0.418274 0.766276 0.394924 0.773438 0.373604 0.76888 0.363452 0.761719 0.363452 0.755208 0.380711 0.751953 0.403046 0.740234 0.408122 0.729167 0.436548 0.722656 0.459898 0.715495 0.506599 0.716146 0.53401 0.700521 0.573604 0.69987 0.582741 0.703125 0.590863
1 0.763021 0.343147 0.763021 0.352284 0.760417 0.356345 0.761719 0.371574 0.787109 0.367513 0.791016 0.364467 0.789714 0.351269 0.794922 0.329949 0.802734 0.313706 0.826823 0.300508 0.843099 0.300508 0.848958 0.293401 0.848307 0.271066 0.852214 0.260914 0.852214 0.252792 0.846354 0.247716 0.834635 0.249746 0.820312 0.26802 0.806641 0.277157 0.792969 0.272081 0.787109 0.282234 0.77474 0.283249 0.764974 0.28934 0.757812 0.305584 0.75651 0.31269 0.763021 0.343147
1 0.673177 0.631472 0.678385 0.633503 0.689453 0.622335 0.689453 0.605076 0.685547 0.592893 0.67513 0.592893 0.669922 0.601015 0.669922 0.62132 0.673177 0.631472
1 0.639974 0.589848 0.654297 0.591878 0.653646 0.585787 0.647135 0.575635 0.63737 0.579695 0.634766 0.583756 0.639974 0.589848
1 0.685547 0.584772 0.688151 0.568528 0.684896 0.564467 0.678385 0.571574 0.677734 0.579695 0.685547 0.584772
1 0.57487 0.894416 0.582682 0.891371 0.583984 0.884264 0.579427 0.874112 0.57487 0.874112 0.572917 0.879188 0.572266 0.888325 0.57487 0.894416
1 0.572917 0.867005 0.571615 0.884264 0.57487 0.893401 0.578776 0.894416 0.584635 0.884264 0.572266 0.845685 0.570312 0.845685 0.572917 0.867005
1 0.580729 0.980711 0.591797 0.977665 0.60026 0.967513 0.600911 0.953299 0.595052 0.949239 0.580729 0.963452 0.577474 0.977665 0.580729 0.980711
1 0.637153 1.0 0.634115 0.985787 0.625651 0.984772 0.625651 1.0 0.637153 1.0
1 0.679548 1.0 0.679688 0.993909 0.681641 0.990863 0.692708 0.991878 0.699219 0.986802 0.69987 0.968528 0.695312 0.962437 0.683594 0.965482 0.674479 0.951269 0.664062 0.966497 0.654297 0.988832 0.640625 0.984772 0.638569 1.0 0.679548 1.0
1 0.659505 0.874112 0.670573 0.888325 0.678385 0.886294 0.682292 0.878173 0.679688 0.861929 0.66862 0.846701 0.657552 0.848731 0.64974 0.856853 0.647135 0.869036 0.659505 0.874112
1 0.615885 0.880203 0.628906 0.878173 0.633464 0.869036 0.630859 0.846701 0.626953 0.841624 0.613932 0.848731 0.607422 0.861929 0.608073 0.873096 0.615885 0.880203
1 0.608724 0.896447 0.613932 0.901523 0.619141 0.899492 0.623047 0.885279 0.614583 0.878173 0.608724 0.879188 0.605469 0.884264 0.608724 0.896447
1 0.626302 0.8 0.632161 0.801015 0.63737 0.796954 0.641276 0.783756 0.639323 0.767513 0.656901 0.749239 0.658203 0.73401 0.64974 0.73401 0.639974 0.743147 0.633464 0.754315 0.625 0.780711 0.623698 0.793909 0.626302 0.8
1 0.70638 0.882234 0.716146 0.871066 0.73112 0.862944 0.744141 0.874112 0.75 0.874112 0.757812 0.862944 0.76888 0.86599 0.776693 0.856853 0.776042 0.84264 0.771484 0.834518 0.753255 0.819289 0.73112 0.809137 0.731771 0.79797 0.726562 0.788832 0.717448 0.790863 0.701172 0.825381 0.688151 0.832487 0.671224 0.848731 0.698568 0.883249 0.70638 0.882234
1 0.703776 0.741117 0.713542 0.756345 0.721354 0.753299 0.722656 0.728934 0.720703 0.700508 0.718099 0.695431 0.71224 0.695431 0.701172 0.705584 0.688151 0.706599 0.675781 0.726904 0.677083 0.735025 0.703776 0.741117
1 0.685547 0.696447 0.710286 0.68934 0.718099 0.680203 0.716797 0.669036 0.710286 0.658883 0.701172 0.660914 0.69987 0.664975 0.686198 0.660914 0.679036 0.680203 0.678385 0.688325 0.685547 0.696447
1 0.667969 0.714721 0.674479 0.707614 0.676432 0.698477 0.664062 0.701523 0.658203 0.71066 0.667969 0.714721
1 0.754557 0.598985 0.760417 0.595939 0.783854 0.6 0.790365 0.595939 0.792969 0.588832 0.792318 0.579695 0.78776 0.575635 0.763021 0.574619 0.751302 0.569543 0.74349 0.57665 0.738932 0.583756 0.754557 0.598985
1 0.738281 0.575635 0.755208 0.564467 0.75651 0.553299 0.740885 0.544162 0.716797 0.568528 0.716146 0.577665 0.738281 0.575635
1 0.817057 0.587817 0.832031 0.587817 0.832031 0.579695 0.828125 0.572589 0.814453 0.57665 0.813802 0.583756 0.817057 0.587817
1 0.841797 0.577665 0.845703 0.569543 0.845703 0.556345 0.841797 0.552284 0.83724 0.559391 0.83724 0.575635 0.841797 0.577665
1 0.810547 0.567513 0.813802 0.562437 0.810547 0.553299 0.802734 0.55736 0.803385 0.566497 0.810547 0.567513
1 0.731298 1.0 0.735026 0.990863 0.731771 0.981726 0.707031 0.988832 0.703125 0.992893 0.703776 0.995939 0.708984 1.0 0.731298 1.0
1 0.794922 0.984772 0.801432 0.982741 0.804688 0.97665 0.805339 0.967513 0.799479 0.959391 0.789714 0.965482 0.789714 0.977665 0.794922 0.984772
1 0.647135 0.854822 0.666016 0.84264 0.67513 0.830457 0.670573 0.822335 0.663411 0.820305 0.660156 0.810152 0.656901 0.810152 0.642578 0.834518 0.641927 0.849746 0.647135 0.854822
1 0.633464 0.824365 0.64388 0.828426 0.648438 0.826396 0.651693 0.819289 0.64974 0.811168 0.639974 0.80203 0.630208 0.809137 0.630208 0.819289 0.633464 0.824365
1 0.900762 1.0 0.902995 0.993909 0.901693 0.983756 0.897786 0.97868 0.889974 0.983756 0.888672 0.996954 0.890951 1.0 0.900762 1.0
1 0.977214 0.984772 0.982422 0.983756 0.986979 0.975635 0.985677 0.964467 0.981771 0.960406 0.977865 0.960406 0.972005 0.967513 0.971354 0.975635 0.977214 0.984772
1 0.979167 0.848731 0.978516 0.833503 0.973958 0.832487 0.970052 0.837563 0.972656 0.850761 0.979167 0.848731
1 0.919922 0.75533 0.925781 0.75533 0.929036 0.750254 0.926432 0.736041 0.919271 0.736041 0.916667 0.740102 0.916667 0.748223 0.919922 0.75533
1 0.836589 0.822335 0.841797 0.828426 0.847656 0.825381 0.849609 0.819289 0.846354 0.809137 0.842448 0.804061 0.837891 0.805076 0.835286 0.811168 0.836589 0.822335
1 0.886719 0.690355 0.891927 0.690355 0.895182 0.684264 0.893229 0.672081 0.888672 0.671066 0.883464 0.677157 0.882812 0.684264 0.886719 0.690355
1 0.981771 0.549239 0.986328 0.535025 0.984375 0.529949 0.980469 0.529949 0.974609 0.538071 0.974609 0.545178 0.981771 0.549239
1 0.817057 0.518782 0.838542 0.506599 0.841146 0.498477 0.840495 0.486294 0.848307 0.464975 0.869141 0.44264 0.873698 0.44264 0.888021 0.455838 0.89388 0.469036 0.897135 0.486294 0.904948 0.499492 0.917969 0.498477 0.921875 0.492386 0.922526 0.481218 0.914062 0.448731 0.902995 0.440609 0.901042 0.429442 0.891276 0.42335 0.876953 0.424365 0.854818 0.437563 0.83724 0.46802 0.82487 0.476142 0.813802 0.478173 0.806641 0.495431 0.80599 0.520812 0.817057 0.518782
1 0.703776 0.588832 0.714844 0.582741 0.722656 0.55736 0.741536 0.53401 0.746094 0.515736 0.753255 0.506599 0.754557 0.495431 0.749349 0.48934 0.751953 0.475127 0.761068 0.457868 0.770182 0.447716 0.786458 0.441624 0.796875 0.452792 0.805339 0.454822 0.813151 0.448731 0.810547 0.446701 0.811198 0.441624 0.817057 0.433503 0.848307 0.434518 0.852865 0.429442 0.870443 0.429442 0.875 0.42335 0.890625 0.425381 0.898438 0.414213 0.897135 0.406091 0.895182 0.40203 0.88737 0.403046 0.886068 0.407107 0.875 0.406091 0.854167 0.394924 0.850911 0.381726 0.845703 0.380711 0.824219 0.388832 0.820964 0.390863 0.820964 0.395939 0.808594 0.40203 0.776693 0.398985 0.770182 0.42132 0.760417 0.430457 0.754557 0.430457 0.752604 0.437563 0.740885 0.447716 0.733073 0.459898 0.725911 0.463959 0.725911 0.478173 0.722656 0.48934 0.72526 0.522843 0.723307 0.526904 0.720052 0.525888 0.714844 0.545178 0.701172 0.572589 0.69987 0.579695 0.703776 0.588832
1 0.895833 0.425381 0.923828 0.438579 0.951172 0.42335 0.982422 0.447716 0.992188 0.460914 0.999349 0.461929 0.999349 0.430457 0.977865 0.396954 0.953776 0.380711 0.94987 0.359391 0.942708 0.361421 0.939453 0.371574 0.932943 0.37868 0.904297 0.390863 0.877604 0.417259 0.879557 0.424365 0.895833 0.425381
1 0.869141 0.350254 0.865885 0.348223 0.852214 0.358376 0.830078 0.386802 0.841797 0.390863 0.852214 0.385787 0.860026 0.375635 0.886068 0.356345 0.885417 0.328934 0.897135 0.313706 0.902995 0.298477 0.906901 0.296447 0.924479 0.297462 0.930339 0.301523 0.936849 0.313706 0.942057 0.341117 0.945312 0.349239 0.947266 0.348223 0.949219 0.341117 0.947917 0.329949 0.952474 0.311675 0.94987 0.301523 0.943359 0.293401 0.929036 0.282234 0.90625 0.279188 0.892578 0.294416 0.878255 0.323858 0.869141 0.350254
1 0.858724 0.354315 0.864583 0.341117 0.863932 0.33401 0.861979 0.328934 0.854818 0.328934 0.852214 0.332995 0.851562 0.353299 0.858724 0.354315
1 0.845052 0.279188 0.869141 0.277157 0.915365 0.256853 0.926432 0.259898 0.932943 0.236548 0.913411 0.214213 0.914714 0.20203 0.903646 0.194924 0.900391 0.222335 0.891927 0.233503 0.879557 0.245685 0.857422 0.255838 0.844401 0.271066 0.842448 0.275127 0.845052 0.279188
1 0.917969 0.207107 0.928385 0.20203 0.945964 0.161421 0.958984 0.154315 0.977865 0.156345 0.986979 0.151269 0.999349 0.151269 0.999349 0.106599 0.990885 0.108629 0.974609 0.121827 0.969401 0.113706 0.969401 0.103553 0.960938 0.103553 0.939453 0.139086 0.924479 0.15736 0.915365 0.193909 0.914062 0.203046 0.917969 0.207107
1 0.941406 0.280203 0.950521 0.279188 0.955729 0.273096 0.98112 0.272081 0.999349 0.283249 0.999349 0.20203 0.989583 0.208122 0.984375 0.227411 0.975911 0.237563 0.953776 0.24264 0.942708 0.231472 0.938802 0.231472 0.938802 0.236548 0.929688 0.248731 0.927083 0.258883 0.941406 0.280203
1 0.880859 0.0 0.876953 0.015228 0.853516 0.049746 0.852214 0.067005 0.839193 0.101523 0.843099 0.109645 0.853516 0.107614 0.880859 0.058883 0.889323 0.032487 0.904297 0.017259 0.925781 0.015228 0.931641 0.02132 0.950521 0.025381 0.970052 0.0 0.880859 0.0
1 0.882812 0.0 0.855469 0.048731 0.854167 0.069036 0.846354 0.08934 0.847656 0.105584 0.832031 0.144162 0.826172 0.149239 0.813151 0.183756 0.807292 0.217259 0.798177 0.234518 0.792969 0.238579 0.761068 0.252792 0.742839 0.275127 0.74349 0.283249 0.809896 0.24467 0.835286 0.213198 0.833984 0.206091 0.826823 0.207107 0.822917 0.198985 0.833333 0.17665 0.838542 0.172589 0.878906 0.105584 0.875651 0.075127 0.886719 0.041624 0.888021 0.030457 0.901042 0.009137 0.901693 0.0 0.882812 0.0
1 0.838542 0.205076 0.842448 0.187817 0.85612 0.163452 0.867839 0.15736 0.88737 0.156345 0.901693 0.141117 0.928385 0.126904 0.93099 0.120812 0.929036 0.113706 0.942708 0.08731 0.942708 0.061929 0.92513 0.081218 0.922526 0.092386 0.903646 0.103553 0.894531 0.114721 0.875 0.118782 0.872396 0.111675 0.876302 0.105584 0.873698 0.101523 0.866536 0.104569 0.863932 0.114721 0.854818 0.120812 0.837891 0.148223 0.836589 0.151269 0.843099 0.158376 0.842448 0.162437 0.836589 0.179695 0.83138 0.17868 0.830729 0.182741 0.830729 0.20203 0.838542 0.205076
1 0.757812 0.0 0.757161 0.003046 0.761719 0.040609 0.761068 0.059898 0.757161 0.082234 0.750651 0.096447 0.746094 0.135025 0.736328 0.163452 0.733724 0.194924 0.735026 0.207107 0.728516 0.224365 0.725911 0.225381 0.724609 0.238579 0.720052 0.240609 0.716146 0.248731 0.720052 0.253807 0.73112 0.247716 0.742188 0.232487 0.748047 0.211168 0.75 0.187817 0.755208 0.174619 0.77474 0.154315 0.782552 0.136041 0.783203 0.111675 0.790365 0.086294 0.789714 0.060914 0.797526 0.028426 0.805339 0.014213 0.815104 0.007107 0.817708 0.0 0.757812 0.0
1 0.709635 0.169543 0.714193 0.175635 0.717448 0.201015 0.714844 0.22132 0.699219 0.254822 0.699219 0.262944 0.703125 0.267005 0.707031 0.264975 0.707031 0.259898 0.729818 0.243655 0.727214 0.232487 0.728516 0.210152 0.735026 0.196954 0.744792 0.160406 0.739583 0.139086 0.740234 0.119797 0.738281 0.113706 0.723958 0.098477 0.717448 0.098477 0.716797 0.105584 0.722656 0.120812 0.720052 0.124873 0.721354 0.135025 0.710286 0.15736 0.705078 0.154315 0.701172 0.159391 0.702474 0.167513 0.709635 0.169543
1 0.335938 0.475127 0.333984 0.491371 0.336589 0.492386 0.337891 0.501523 0.334635 0.505584 0.332682 0.522843 0.325521 0.53198 0.317057 0.532995 0.314453 0.537056 0.30599 0.530964 0.304036 0.524873 0.299479 0.524873 0.298828 0.529949 0.302734 0.539086 0.337891 0.547208 0.341797 0.544162 0.346354 0.53198 0.347005 0.51269 0.352865 0.494416 0.352214 0.463959 0.349609 0.454822 0.354818 0.437563 0.355469 0.414213 0.346354 0.414213 0.339193 0.443655 0.326823 0.44467 0.332031 0.452792 0.335938 0.475127
1 0.227214 0.4 0.235677 0.403046 0.253906 0.398985 0.252604 0.387817 0.246745 0.382741 0.23763 0.362437 0.232422 0.361421 0.227214 0.370558 0.224609 0.390863 0.227214 0.4
1 0.254557 0.420305 0.264974 0.416244 0.26888 0.40203 0.272135 0.398985 0.270182 0.394924 0.263672 0.393909 0.255859 0.39797 0.251302 0.410152 0.254557 0.420305