1 0.478107 0.404185 0.46822 0.390969 0.463277 0.375551 0.466102 0.361233 0.465395 0.340308 0.450565 0.320485 0.45904 0.292952 0.458333 0.285242 0.454096 0.285242 0.440678 0.299559 0.436441 0.321586 0.444209 0.345815 0.449153 0.384361 0.456215 0.412996 0.454802 0.42511 0.448446 0.435022 0.448446 0.442731 0.427966 0.46696 0.41596 0.459251 0.413136 0.438326 0.407486 0.439427 0.404661 0.448238 0.39548 0.459251 0.396893 0.468062 0.408898 0.486784 0.417373 0.492291 0.430085 0.509912 0.433616 0.526432 0.445621 0.538546 0.444209 0.566079 0.43291 0.566079 0.430791 0.556167 0.416667 0.551762 0.412429 0.562775 0.403249 0.566079 0.390537 0.550661 0.387006 0.551762 0.385593 0.568282 0.393362 0.587004 0.38065 0.596916 0.386299 0.612335 0.398305 0.622247 0.412429 0.624449 0.427966 0.647577 0.430085 0.667401 0.418785 0.680617 0.411017 0.679515 0.402542 0.701542 0.414548 0.712555 0.432203 0.741189 0.44209 0.731278 0.44209 0.660793 0.449153 0.631057 0.458333 0.613436 0.469633 0.605727 0.472458 0.594714 0.468927 0.577093 0.475989 0.559471 0.476695 0.549559 0.464689 0.536344 0.465395 0.522026 0.469633 0.508811 0.465395 0.491189 0.483757 0.429515 0.495763 0.409692 0.495763 0.398678 0.478107 0.404185
1 0.562853 0.505507 0.556497 0.491189 0.555085 0.476872 0.55226 0.47467 0.543785 0.484581 0.547316 0.523128 0.537429 0.539648 0.535311 0.555433 0.519749 0.55668 0.514831 0.534141 0.510593 0.530837 0.50565 0.581498 0.502119 0.59141 0.493644 0.601322 0.497175 0.613436 0.496469 0.640969 0.487288 0.685022 0.480226 0.701542 0.472458 0.687225 0.473164 0.677313 0.469633 0.677313 0.467514 0.683921 0.469633 0.698238 0.487034 0.751443 0.485169 0.725771 0.496469 0.692731 0.506356 0.678414 0.504237 0.657489 0.511299 0.627753 0.530367 0.611233 0.542373 0.610132 0.549435 0.60022 0.556497 0.545154 0.559322 0.54185 0.558616 0.529736 0.581921 0.515419 0.582627 0.508811 0.57839 0.502203 0.562853 0.505507
1 0.622175 0.611233 0.622881 0.601322 0.620056 0.595815 0.605226 0.585903 0.610876 0.571586 0.610876 0.561674 0.608757 0.557269 0.603107 0.559471 0.598164 0.567181 0.586158 0.605727 0.596045 0.664097 0.596045 0.686123 0.600282 0.715859 0.608757 0.741189 0.613701 0.732379 0.629237 0.722467 0.627825 0.719163 0.617232 0.720264 0.615113 0.714758 0.616525 0.674009 0.612994 0.665198 0.612994 0.646476 0.626412 0.617841 0.622175 0.611233
1 0.72952 0.585903 0.723164 0.578194 0.717514 0.578194 0.715395 0.584802 0.709746 0.588106 0.695621 0.550661 0.687147 0.548458 0.683616 0.540749 0.676554 0.542952 0.675847 0.568282 0.684322 0.582599 0.688559 0.5837 0.69209 0.594714 0.685734 0.63326 0.680791 0.644273 0.685028 0.689427 0.694915 0.693833 0.701271 0.726872 0.70904 0.732379 0.709746 0.740088 0.713277 0.743392 0.722458 0.743392 0.71822 0.655286 0.722458 0.636564 0.734463 0.609031 0.733757 0.599119 0.72952 0.585903
1 0.788136 0.526432 0.786723 0.551762 0.776836 0.568282 0.775528 0.509326 0.750332 0.521333 0.766949 0.568282 0.765537 0.577093 0.769774 0.588106 0.763418 0.59141 0.763418 0.596916 0.783192 0.594714 0.783192 0.575991 0.79096 0.568282 0.798023 0.550661 0.798023 0.542952 0.793079 0.538546 0.795904 0.526432 0.788136 0.526432
1 0.598164 0.57489 0.595339 0.590308 0.586864 0.601322 0.589689 0.631057 0.593927 0.645374 0.596751 0.645374 0.596751 0.610132 0.602401 0.585903 0.600989 0.575991 0.598164 0.57489
1 0.79661 0.660793 0.782527 0.632116 0.776753 0.643576 0.790254 0.660793 0.794492 0.659692 0.794492 0.671806 0.788842 0.676211 0.791801 0.767185 0.810028 0.667401 0.809322 0.659692 0.79661 0.660793
1 0.788136 0.592511 0.786723 0.599119 0.777542 0.605727 0.777542 0.610132 0.777803 0.641666 0.791667 0.618943 0.799435 0.592511 0.798023 0.590308 0.788136 0.592511
1 0.920198 0.482379 0.913842 0.487885 0.908898 0.517621 0.899011 0.531938 0.891243 0.529736 0.888418 0.515419 0.882768 0.508811 0.871469 0.515419 0.864407 0.514317 0.861582 0.520925 0.863701 0.540749 0.853107 0.548458 0.853107 0.556167 0.863701 0.585903 0.862288 0.599119 0.883475 0.612335 0.889831 0.637665 0.879944 0.650881 0.875706 0.647577 0.870056 0.654185 0.870056 0.674009 0.876412 0.680617 0.867232 0.704846 0.86935 0.713656 0.865113 0.735683 0.867938 0.742291 0.88065 0.745595 0.893362 0.741189 0.901836 0.713656 0.902542 0.705947 0.899718 0.702643 0.901836 0.67511 0.896893 0.655286 0.900424 0.646476 0.899718 0.634361 0.910311 0.617841 0.918079 0.587004 0.923729 0.575991 0.924435 0.566079 0.919492 0.559471 0.919492 0.550661 0.925141 0.526432 0.926554 0.484581 0.920198 0.482379
1 0.860169 0.688326 0.853814 0.67511 0.846751 0.678414 0.844633 0.693833 0.847458 0.701542 0.842514 0.743392 0.858051 0.743392 0.863701 0.738987 0.855226 0.721366 0.860876 0.697137 0.860169 0.688326
1 1.0 0.531938 0.987288 0.545154 0.980226 0.545154 0.974576 0.530837 0.980226 0.514317 0.978107 0.502203 0.971751 0.502203 0.966808 0.492291 0.958333 0.496696 0.955508 0.490088 0.951271 0.490088 0.947034 0.501101 0.958333 0.526432 0.956921 0.53304 0.948446 0.538546 0.956215 0.557269 0.963277 0.590308 0.958333 0.594714 0.955508 0.605727 0.963983 0.629956 0.96822 0.657489 0.966102 0.672907 0.974576 0.699339 0.975282 0.723568 0.978107 0.729075 0.980226 0.718062 0.980226 0.655286 0.985876 0.651982 0.992938 0.635463 0.992232 0.611233 1.0 0.561045 1.0 0.531938
1 0.326271 0.578194 0.320621 0.582599 0.305791 0.582599 0.29661 0.555066 0.289548 0.559471 0.287429 0.581498 0.293079 0.590308 0.292373 0.606828 0.298023 0.621145 0.29661 0.627753 0.290254 0.632159 0.289548 0.639868 0.291667 0.645374 0.297316 0.646476 0.300847 0.657489 0.299435 0.660793 0.30791 0.70815 0.304379 0.729075 0.298729 0.727974 0.314266 0.744493 0.318503 0.743392 0.32274 0.731278 0.326271 0.731278 0.32839 0.604626 0.331215 0.601322 0.330508 0.593612 0.326271 0.578194
1 0.293079 0.676211 0.284605 0.667401 0.285311 0.659692 0.281073 0.646476 0.271186 0.655286 0.27048 0.667401 0.278955 0.677313 0.292373 0.719163 0.297316 0.720264 0.298729 0.71696 0.293785 0.701542 0.295904 0.688326 0.293079 0.676211
1 0.20339 0.536344 0.193503 0.527533 0.187147 0.540749 0.177966 0.547357 0.170198 0.535242 0.168079 0.524229 0.159605 0.520925 0.156073 0.512115 0.15113 0.513216 0.140537 0.506608 0.141949 0.495595 0.134181 0.481278 0.118644 0.503304 0.108051 0.488987 0.103107 0.488987 0.105932 0.514317 0.114407 0.526432 0.115819 0.539648 0.132768 0.579295 0.13065 0.594714 0.117938 0.605727 0.10452 0.605727 0.102401 0.617841 0.105932 0.623348 0.122175 0.627753 0.133475 0.643172 0.128531 0.660793 0.117938 0.6663 0.116525 0.680617 0.118644 0.693833 0.13065 0.718062 0.129944 0.722467 0.141243 0.741189 0.177966 0.751101 0.198446 0.738987 0.201977 0.64207 0.213983 0.634361 0.216102 0.626652 0.211864 0.595815 0.195621 0.579295 0.194915 0.571586 0.199859 0.561674 0.217514 0.542952 0.217514 0.534141 0.20339 0.536344
1 0.108051 0.700441 0.10452 0.701542 0.101695 0.705947 0.101695 0.710352 0.09887 0.713656 0.091808 0.710903 0.091808 0.704846 0.089689 0.702643 0.088277 0.703744 0.086864 0.70815 0.085452 0.713656 0.084746 0.723568 0.091808 0.748899 0.096045 0.755507 0.115113 0.752203 0.117232 0.747797 0.112288 0.740088 0.108757 0.723568 0.108757 0.712555 0.110169 0.707048 0.110169 0.702643 0.108051 0.700441
1 0.058616 0.674009 0.054379 0.689427 0.021893 0.688326 0.021186 0.685022 0.018362 0.682819 0.014124 0.685022 0.012712 0.692731 0.021186 0.721366 0.021893 0.735683 0.023305 0.738987 0.022599 0.747797 0.025424 0.748899 0.029661 0.746696 0.031073 0.75 0.040254 0.755507 0.05226 0.754405 0.063559 0.746696 0.068503 0.731278 0.06709 0.709251 0.068503 0.696035 0.062853 0.677313 0.058616 0.674009
1 0.0 0.755306 0.006356 0.754405 0.010593 0.751101 0.012006 0.747797 0.012006 0.742291 0.010593 0.737885 0.007062 0.731278 0.001412 0.723568 0.0 0.717511 0.0 0.741346 0.000248 0.742002 0.0 0.741999 0.0 0.755306
1 0.565678 0.697137 0.560734 0.699339 0.560734 0.711454 0.547596 0.74786 0.550847 0.757709 0.556497 0.759912 0.566384 0.747797 0.567797 0.702643 0.565678 0.697137
1 0.506356 0.711454 0.504944 0.719163 0.504237 0.736784 0.506356 0.742291 0.509887 0.738987 0.511299 0.70815 0.506356 0.711454
1 0.529661 0.732379 0.524718 0.744493 0.528249 0.747797 0.533898 0.745595 0.536017 0.737885 0.533898 0.734581 0.529661 0.732379
1 0.647599 0.734581 0.649011 0.745595 0.655367 0.738987 0.65678 0.730176 0.647599 0.734581
1 0.689266 0.734581 0.679379 0.72467 0.674435 0.731278 0.680085 0.742291 0.685734 0.740088 0.691384 0.746696 0.697034 0.734581 0.695621 0.730176 0.689266 0.734581
1 0.75565 0.718062 0.753531 0.722467 0.75565 0.738987 0.766949 0.738987 0.766949 0.730176 0.75565 0.718062
1 0.737288 0.720264 0.730226 0.726872 0.728814 0.734581 0.745763 0.740088 0.745763 0.734581 0.737288 0.720264
1 0.827684 0.734581 0.826977 0.740088 0.832627 0.745595 0.83404 0.737885 0.827684 0.734581
1 0.937853 0.726872 0.925141 0.730176 0.917373 0.705947 0.912429 0.705947 0.913136 0.741189 0.92726 0.748899 0.935734 0.748899 0.941384 0.743392 0.939972 0.734581 0.937853 0.726872
1 0.334746 0.732379 0.331921 0.737885 0.332627 0.745595 0.339689 0.746696 0.340395 0.735683 0.334746 0.732379
1 0.216102 0.730176 0.201977 0.732379 0.199859 0.725771 0.19774 0.726872 0.198446 0.745595 0.211864 0.746696 0.217514 0.753304 0.30203 0.76432 0.306506 0.740051 0.216102 0.730176
1 0.45904 0.75 0.451977 0.748899 0.428672 0.737885 0.424435 0.732379 0.422316 0.734581 0.389124 0.721366 0.382062 0.726872 0.351695 0.734581 0.345339 0.732379 0.341808 0.741189 0.331921 0.748899 0.352401 0.761013 0.38065 0.764317 0.405367 0.759912 0.417373 0.764317 0.454802 0.757709 0.463277 0.751101 0.463277 0.745595 0.45904 0.75
1 0.621469 0.610132 0.621469 0.598018 0.613701 0.595815 0.606638 0.584802 0.610876 0.571586 0.610169 0.559471 0.603107 0.559471 0.597458 0.567181 0.591808 0.59141 0.585452 0.601322 0.588277 0.631057 0.595339 0.661894 0.593927 0.685022 0.599576 0.715859 0.591808 0.732379 0.585452 0.730176 0.586864 0.752203 0.600989 0.755507 0.603814 0.751101 0.612994 0.75 0.616525 0.737885 0.625 0.729075 0.627825 0.730176 0.63065 0.722467 0.627825 0.713656 0.622175 0.722467 0.617232 0.720264 0.615113 0.707048 0.616525 0.672907 0.611582 0.664097 0.610169 0.651982 0.626412 0.617841 0.621469 0.610132