1 0.477865 0.463959 0.494792 0.520812 0.490885 0.537056 0.494792 0.549239 0.495443 0.562437 0.484375 0.574619 0.485026 0.583756 0.491536 0.6 0.488281 0.616244 0.490885 0.626396 0.501302 0.633503 0.509766 0.649746 0.516276 0.677157 0.516276 0.742132 0.525391 0.751269 0.541667 0.724873 0.552734 0.714721 0.544922 0.694416 0.53776 0.695431 0.527344 0.683249 0.529297 0.664975 0.54362 0.643655 0.556641 0.641624 0.567708 0.632487 0.572917 0.618274 0.561198 0.609137 0.568359 0.591878 0.567057 0.57665 0.563802 0.575635 0.552083 0.589848 0.54362 0.586802 0.539714 0.57665 0.526693 0.580711 0.52474 0.589848 0.514323 0.589848 0.513021 0.564467 0.524089 0.553299 0.527344 0.538071 0.539062 0.521827 0.546875 0.516751 0.557943 0.499492 0.559245 0.491371 0.550781 0.481218 0.548177 0.473096 0.542969 0.472081 0.540365 0.491371 0.529297 0.498477 0.510417 0.476142 0.510417 0.469036 0.504557 0.459898 0.503255 0.448731 0.509766 0.422335 0.514323 0.386802 0.521484 0.364467 0.517578 0.344162 0.505208 0.330964 0.501302 0.330964 0.500651 0.338071 0.508464 0.363452 0.494792 0.381726 0.494141 0.401015 0.496745 0.414213 0.492188 0.428426 0.483073 0.440609 0.466797 0.435533 0.466797 0.445685 0.477865 0.463959
1 0.38737 0.543147 0.408854 0.556345 0.408203 0.567513 0.410807 0.570558 0.417318 0.62132 0.423828 0.630457 0.434896 0.631472 0.452474 0.646701 0.458984 0.674112 0.457031 0.693401 0.466146 0.706599 0.476562 0.737056 0.474844 0.760721 0.490885 0.711675 0.492839 0.698477 0.490885 0.692386 0.48763 0.692386 0.488281 0.701523 0.48112 0.714721 0.474609 0.699492 0.466146 0.658883 0.465495 0.633503 0.46875 0.622335 0.460938 0.613198 0.457682 0.604061 0.453125 0.55736 0.449219 0.560406 0.444685 0.581183 0.430339 0.580034 0.428385 0.565482 0.419271 0.550254 0.422526 0.514721 0.414714 0.505584 0.412109 0.507614 0.410807 0.520812 0.404948 0.53401 0.390625 0.530964 0.386719 0.537056 0.38737 0.543147
1 0.358724 0.681218 0.355469 0.68934 0.356771 0.726904 0.354818 0.73198 0.345052 0.730964 0.34375 0.73401 0.358073 0.743147 0.36263 0.751269 0.370443 0.727919 0.374349 0.700508 0.374349 0.680203 0.383464 0.626396 0.372396 0.590863 0.367839 0.583756 0.36263 0.581726 0.360677 0.585787 0.360677 0.594924 0.365885 0.608122 0.352214 0.617259 0.349609 0.622335 0.35026 0.631472 0.346354 0.637563 0.358724 0.663959 0.358724 0.681218
1 0.257812 0.654822 0.261719 0.672081 0.257812 0.753299 0.266276 0.753299 0.269531 0.750254 0.270182 0.743147 0.277344 0.738071 0.283203 0.707614 0.292318 0.703553 0.296224 0.661929 0.291667 0.651777 0.285807 0.616244 0.289062 0.606091 0.292969 0.605076 0.300781 0.591878 0.30013 0.568528 0.29362 0.566497 0.290365 0.573604 0.282552 0.575635 0.269531 0.610152 0.264323 0.607107 0.26237 0.601015 0.257161 0.601015 0.251302 0.608122 0.247396 0.620305 0.246745 0.629442 0.257812 0.654822
1 0.188151 0.568528 0.188151 0.575635 0.194661 0.591878 0.201823 0.598985 0.201823 0.616244 0.220052 0.618274 0.220052 0.613198 0.214193 0.610152 0.218099 0.6 0.216797 0.591878 0.232116 0.548599 0.208888 0.537531 0.207682 0.591878 0.198568 0.57665 0.197266 0.553299 0.190104 0.553299 0.192708 0.564467 0.188151 0.568528
1 0.373698 0.630457 0.373698 0.662944 0.376302 0.662944 0.380208 0.649746 0.382812 0.622335 0.375 0.612183 0.372396 0.59797 0.369792 0.598985 0.36849 0.608122 0.373698 0.630457
1 0.193887 0.775232 0.196615 0.691371 0.191406 0.68731 0.191406 0.676142 0.195312 0.677157 0.207759 0.661286 0.202436 0.650722 0.189453 0.677157 0.177734 0.676142 0.177083 0.683249 0.193887 0.775232
1 0.19401 0.638579 0.206791 0.659526 0.207031 0.630457 0.207031 0.626396 0.198568 0.620305 0.197266 0.614213 0.188151 0.612183 0.186849 0.614213 0.19401 0.638579
1 0.076172 0.575635 0.076172 0.583756 0.071615 0.589848 0.072266 0.598985 0.077474 0.609137 0.084635 0.637563 0.094401 0.652792 0.09375 0.663959 0.097005 0.672081 0.092448 0.690355 0.094401 0.715736 0.091797 0.718782 0.092448 0.725888 0.10026 0.751269 0.111979 0.75533 0.123698 0.752284 0.126302 0.746193 0.122396 0.725888 0.124349 0.717766 0.115885 0.695431 0.121745 0.68934 0.121745 0.671066 0.116536 0.664975 0.11263 0.66802 0.103516 0.655838 0.109375 0.632487 0.128906 0.620305 0.127604 0.608122 0.13737 0.580711 0.13737 0.573604 0.127604 0.566497 0.129557 0.548223 0.126953 0.542132 0.120443 0.543147 0.110026 0.537056 0.104818 0.543147 0.102214 0.556345 0.095052 0.558376 0.085938 0.545178 0.08138 0.517766 0.075521 0.51269 0.069661 0.514721 0.070964 0.553299 0.076172 0.575635
1 0.127604 0.749239 0.132812 0.753299 0.147135 0.753299 0.142578 0.714721 0.145182 0.707614 0.143229 0.693401 0.136719 0.690355 0.130859 0.702538 0.130208 0.71066 0.135417 0.732995 0.127604 0.749239
1 0.0 0.572589 0.009115 0.631472 0.008464 0.653807 0.014974 0.669036 0.020182 0.672081 0.020182 0.729949 0.022135 0.740102 0.02474 0.735025 0.025391 0.71269 0.033203 0.688325 0.03125 0.674112 0.035156 0.648731 0.042969 0.626396 0.040365 0.616244 0.035807 0.612183 0.042318 0.581726 0.049479 0.564467 0.041667 0.559391 0.040365 0.553299 0.050781 0.529949 0.046875 0.519797 0.042969 0.519797 0.040365 0.525888 0.032552 0.521827 0.027995 0.530964 0.022135 0.530964 0.020182 0.542132 0.025391 0.55736 0.020182 0.570558 0.013672 0.570558 0.0 0.556345 0.0 0.572589
1 0.621094 0.625381 0.623047 0.742132 0.626302 0.742132 0.630208 0.753299 0.634115 0.754315 0.648438 0.739086 0.643229 0.740102 0.639974 0.720812 0.647786 0.677157 0.646484 0.674112 0.64974 0.663959 0.654948 0.662944 0.656901 0.657868 0.65625 0.650761 0.650391 0.646701 0.649089 0.640609 0.654297 0.627411 0.653646 0.612183 0.658854 0.604061 0.656901 0.583756 0.650391 0.579695 0.641927 0.605076 0.628255 0.605076 0.623047 0.601015 0.619141 0.615228 0.61849 0.622335 0.621094 0.625381
1 0.648438 0.728934 0.64974 0.73198 0.654297 0.730964 0.666667 0.692386 0.674479 0.683249 0.673828 0.672081 0.664714 0.663959 0.660807 0.676142 0.661458 0.683249 0.653646 0.691371 0.651042 0.702538 0.652995 0.714721 0.648438 0.728934
1 0.739583 0.585787 0.744141 0.594924 0.74349 0.60203 0.728516 0.617259 0.724609 0.645685 0.726562 0.652792 0.73763 0.659898 0.740885 0.749239 0.759766 0.760406 0.79362 0.751269 0.804036 0.73401 0.803385 0.729949 0.814453 0.707614 0.816406 0.695431 0.815104 0.682234 0.805339 0.677157 0.800781 0.660914 0.811198 0.646701 0.826172 0.64264 0.829427 0.637563 0.827474 0.626396 0.815104 0.626396 0.803385 0.616244 0.801432 0.60203 0.817057 0.565482 0.818359 0.553299 0.826172 0.542132 0.828776 0.518782 0.824219 0.518782 0.814453 0.53198 0.80013 0.511675 0.792969 0.524873 0.794271 0.535025 0.784505 0.541117 0.779948 0.540102 0.776693 0.548223 0.76888 0.551269 0.766927 0.561421 0.759766 0.572589 0.751302 0.566497 0.745443 0.554315 0.736328 0.562437 0.723307 0.560406 0.723307 0.568528 0.739583 0.585787
1 0.823568 0.724873 0.823568 0.735025 0.820312 0.750254 0.815755 0.75736 0.817708 0.761421 0.835286 0.764467 0.839193 0.758376 0.845703 0.735025 0.845052 0.725888 0.84375 0.720812 0.842448 0.716751 0.841146 0.715736 0.839193 0.717766 0.839193 0.72335 0.832682 0.725888 0.830078 0.722843 0.830078 0.718782 0.827474 0.714721 0.824219 0.713706 0.822266 0.715736 0.822266 0.719797 0.823568 0.724873
1 0.861979 0.721827 0.860677 0.742132 0.865234 0.756345 0.875651 0.763452 0.886719 0.764467 0.895182 0.759391 0.896484 0.756345 0.900391 0.758376 0.902995 0.75736 0.902344 0.749239 0.903646 0.746193 0.904297 0.732995 0.912109 0.706599 0.910807 0.699492 0.906901 0.697462 0.904297 0.699492 0.903646 0.702538 0.873698 0.703553 0.869792 0.68934 0.865885 0.692386 0.860677 0.709645 0.861979 0.721827
1 0.91276 0.75736 0.914062 0.760406 0.917969 0.763452 0.92513 0.764467 0.925781 0.765482 0.930339 0.765482 0.932943 0.763452 0.934962 0.751887 0.9236 0.752018 0.927219 0.742438 0.930339 0.73198 0.93099 0.730964 0.930339 0.724873 0.928385 0.721827 0.92513 0.723858 0.922526 0.735025 0.917318 0.742132 0.914062 0.748223 0.91276 0.752284 0.91276 0.75736
1 0.946615 0.758376 0.949219 0.760406 0.963542 0.752284 0.964844 0.754315 0.967448 0.754315 0.968099 0.753299 0.968099 0.746193 0.966797 0.743147 0.965495 0.742132 0.96224 0.742132 0.959635 0.745178 0.954235 0.751493 0.953776 0.737056 0.951823 0.737056 0.94987 0.740102 0.949219 0.740102 0.945964 0.749239 0.945312 0.754315 0.946615 0.758376
1 0.985026 0.742132 0.985677 0.744162 0.990451 0.751607 0.997396 0.768528 0.999349 0.768528 0.999349 0.745178 0.992839 0.740102 0.992839 0.739086 0.991536 0.737056 0.991536 0.735025 0.990234 0.730964 0.988932 0.729949 0.986979 0.729949 0.986328 0.730964 0.985026 0.735025 0.985026 0.742132
1 0.966797 0.629442 0.990234 0.641624 0.988932 0.649746 0.996094 0.658883 0.997396 0.680203 0.999349 0.681218 0.999349 0.603046 0.988932 0.59797 0.992839 0.57665 0.985026 0.564467 0.975911 0.566497 0.971354 0.560406 0.964844 0.563452 0.96875 0.587817 0.966797 0.629442
1 0.410807 0.768528 0.416016 0.766497 0.419013 0.757418 0.406901 0.723858 0.406901 0.71269 0.402344 0.71066 0.400391 0.715736 0.401693 0.75736 0.410807 0.768528
1 0.457031 0.752284 0.458984 0.747208 0.458333 0.730964 0.457031 0.723858 0.452474 0.720812 0.453776 0.749239 0.457031 0.752284
1 0.431641 0.75533 0.436849 0.75736 0.440104 0.754315 0.435547 0.743147 0.431641 0.745178 0.429688 0.748223 0.431641 0.75533
1 0.325521 0.75533 0.326823 0.745178 0.318359 0.741117 0.319661 0.749239 0.325521 0.75533
1 0.286458 0.756345 0.291667 0.750254 0.296875 0.752284 0.302083 0.742132 0.297526 0.736041 0.288411 0.745178 0.282552 0.741117 0.28125 0.745178 0.286458 0.756345
1 0.227214 0.749239 0.229167 0.73401 0.227214 0.729949 0.216797 0.741117 0.216797 0.749239 0.227214 0.749239
1 0.251953 0.745178 0.250651 0.738071 0.244141 0.73198 0.236328 0.745178 0.236328 0.750254 0.251953 0.745178
1 0.161458 0.750254 0.160807 0.745178 0.154948 0.748223 0.15625 0.75533 0.161458 0.750254
1 0.061198 0.758376 0.06901 0.758376 0.082031 0.751269 0.082682 0.718782 0.078125 0.718782 0.070964 0.741117 0.059245 0.738071 0.057292 0.745178 0.05599 0.753299 0.061198 0.758376
1 0.841797 0.0 0.841797 0.004061 0.854818 0.028426 0.854167 0.04467 0.856771 0.048731 0.870443 0.047716 0.873047 0.050761 0.877604 0.047716 0.876953 0.041624 0.882161 0.037563 0.895833 0.053807 0.912109 0.053807 0.914062 0.049746 0.921224 0.048731 0.927083 0.051777 0.948568 0.088325 0.947917 0.105584 0.945964 0.105584 0.945964 0.11269 0.940755 0.116751 0.941406 0.127919 0.934245 0.138071 0.934245 0.143147 0.955729 0.150254 0.999349 0.174619 0.999349 0.035183 0.942669 0.0 0.841797 0.0
1 0.617188 0.75533 0.617839 0.748223 0.615234 0.743147 0.610026 0.746193 0.610677 0.756345 0.617188 0.75533
1 0.723307 0.762437 0.728516 0.756345 0.740885 0.75533 0.741536 0.738071 0.739583 0.737056 0.73763 0.743147 0.724609 0.741117 0.641268 0.750219 0.645395 0.772592 0.723307 0.762437
1 0.504557 0.766497 0.539062 0.772589 0.55013 0.768528 0.572917 0.772589 0.598958 0.769543 0.617839 0.758376 0.608724 0.751269 0.605469 0.743147 0.599609 0.745178 0.571615 0.738071 0.565104 0.732995 0.534505 0.745178 0.532552 0.743147 0.528646 0.748223 0.507161 0.758376 0.500651 0.759391 0.496745 0.75533 0.496745 0.760406 0.504557 0.766497
1 0.360026 0.680203 0.355469 0.688325 0.356771 0.719797 0.354818 0.73198 0.35026 0.73401 0.345052 0.725888 0.342448 0.73401 0.345052 0.741117 0.347656 0.740102 0.355469 0.748223 0.358724 0.759391 0.367188 0.760406 0.369792 0.764467 0.382812 0.761421 0.384115 0.741117 0.378255 0.743147 0.371094 0.727919 0.376302 0.699492 0.375 0.678173 0.38151 0.649746 0.384115 0.622335 0.378255 0.613198 0.373047 0.590863 0.367839 0.583756 0.361328 0.583756 0.360677 0.594924 0.364583 0.607107 0.358073 0.617259 0.350911 0.619289 0.350911 0.630457 0.346354 0.637563 0.361328 0.669036 0.360026 0.680203