1 0.513816 0.440452 0.504605 0.428131 0.5 0.413758 0.502632 0.400411 0.501974 0.380903 0.488158 0.362423 0.496053 0.336756 0.495395 0.329569 0.491447 0.329569 0.478947 0.342916 0.475 0.36345 0.482237 0.386037 0.486842 0.421971 0.493421 0.448665 0.492105 0.459959 0.486184 0.469199 0.486184 0.476386 0.467105 0.498973 0.455921 0.491786 0.453289 0.472279 0.448026 0.473306 0.445395 0.48152 0.436842 0.491786 0.438158 0.5 0.449342 0.517454 0.457237 0.522587 0.469079 0.539014 0.472368 0.554415 0.483553 0.565708 0.482237 0.591376 0.471711 0.591376 0.469737 0.582136 0.456579 0.578029 0.452632 0.588296 0.444079 0.591376 0.432237 0.577002 0.428947 0.578029 0.427632 0.593429 0.434868 0.610883 0.423026 0.620123 0.428289 0.634497 0.439474 0.643737 0.452632 0.645791 0.467105 0.667351 0.469079 0.685832 0.458553 0.698152 0.451316 0.697125 0.443421 0.717659 0.454605 0.727926 0.471053 0.75462 0.480263 0.74538 0.480263 0.679671 0.486842 0.651951 0.495395 0.635524 0.505921 0.628337 0.508553 0.61807 0.505263 0.601643 0.511842 0.585216 0.5125 0.575975 0.501316 0.563655 0.501974 0.550308 0.505921 0.537988 0.501974 0.521561 0.519079 0.464066 0.530263 0.445585 0.530263 0.435318 0.513816 0.440452
1 0.592763 0.534908 0.586842 0.521561 0.585526 0.508214 0.582895 0.50616 0.575 0.5154 0.578289 0.551335 0.569079 0.566735 0.567105 0.581451 0.552608 0.582613 0.548026 0.561602 0.544079 0.558522 0.539474 0.605749 0.536184 0.61499 0.528289 0.62423 0.531579 0.635524 0.530921 0.661191 0.522368 0.702259 0.515789 0.717659 0.508553 0.704312 0.509211 0.695072 0.505921 0.695072 0.503947 0.701232 0.505921 0.714579 0.522132 0.764179 0.520395 0.740246 0.530921 0.709446 0.540132 0.696099 0.538158 0.676591 0.544737 0.648871 0.5625 0.63347 0.573684 0.632444 0.580263 0.623203 0.586842 0.571869 0.589474 0.568789 0.588816 0.557495 0.610526 0.544148 0.611184 0.537988 0.607237 0.531828 0.592763 0.534908
1 0.648026 0.63347 0.648684 0.62423 0.646053 0.619097 0.632237 0.609856 0.6375 0.596509 0.6375 0.587269 0.635526 0.583162 0.630263 0.585216 0.625658 0.592402 0.614474 0.628337 0.623684 0.682752 0.623684 0.703285 0.627632 0.731006 0.635526 0.75462 0.640132 0.746407 0.654605 0.737166 0.653289 0.734086 0.643421 0.735113 0.641447 0.729979 0.642763 0.691992 0.639474 0.683778 0.639474 0.666324 0.651974 0.63963 0.648026 0.63347
1 0.748026 0.609856 0.742105 0.602669 0.736842 0.602669 0.734868 0.60883 0.729605 0.61191 0.716447 0.577002 0.708553 0.574949 0.705263 0.567762 0.698684 0.569815 0.698026 0.593429 0.705921 0.606776 0.709868 0.607803 0.713158 0.61807 0.707237 0.654004 0.702632 0.664271 0.706579 0.706366 0.715789 0.710472 0.721711 0.741273 0.728947 0.746407 0.729605 0.753593 0.732895 0.756674 0.741447 0.756674 0.7375 0.674538 0.741447 0.657084 0.752632 0.631417 0.751974 0.622177 0.748026 0.609856
1 0.802632 0.554415 0.801316 0.578029 0.792105 0.593429 0.790887 0.538468 0.767414 0.549661 0.782895 0.593429 0.781579 0.601643 0.785526 0.61191 0.779605 0.61499 0.779605 0.620123 0.798026 0.61807 0.798026 0.600616 0.805263 0.593429 0.811842 0.577002 0.811842 0.569815 0.807237 0.565708 0.809868 0.554415 0.802632 0.554415
1 0.625658 0.599589 0.623026 0.613963 0.615132 0.62423 0.617763 0.651951 0.621711 0.665298 0.624342 0.665298 0.624342 0.632444 0.629605 0.609856 0.628289 0.600616 0.625658 0.599589
1 0.810526 0.679671 0.797407 0.652937 0.792028 0.663621 0.804605 0.679671 0.808553 0.678645 0.808553 0.689938 0.803289 0.694045 0.806046 0.778854 0.823026 0.685832 0.822368 0.678645 0.810526 0.679671
1 0.802632 0.616016 0.801316 0.622177 0.792763 0.628337 0.792763 0.632444 0.793006 0.661841 0.805921 0.640657 0.813158 0.616016 0.811842 0.613963 0.802632 0.616016
1 0.925658 0.513347 0.919737 0.51848 0.915132 0.546201 0.905921 0.559548 0.898684 0.557495 0.896053 0.544148 0.890789 0.537988 0.880263 0.544148 0.873684 0.543121 0.871053 0.549281 0.873026 0.567762 0.863158 0.574949 0.863158 0.582136 0.873026 0.609856 0.871711 0.622177 0.891447 0.634497 0.897368 0.658111 0.888158 0.670431 0.884211 0.667351 0.878947 0.673511 0.878947 0.691992 0.884868 0.698152 0.876316 0.720739 0.878289 0.728953 0.874342 0.749487 0.876974 0.755647 0.888816 0.758727 0.900658 0.75462 0.908553 0.728953 0.909211 0.721766 0.906579 0.718686 0.908553 0.693018 0.903947 0.674538 0.907237 0.666324 0.906579 0.655031 0.916447 0.63963 0.923684 0.610883 0.928947 0.600616 0.929605 0.591376 0.925 0.585216 0.925 0.577002 0.930263 0.554415 0.931579 0.5154 0.925658 0.513347
1 0.869737 0.705339 0.863816 0.693018 0.857237 0.696099 0.855263 0.710472 0.857895 0.717659 0.853289 0.756674 0.867763 0.756674 0.873026 0.752567 0.865132 0.73614 0.870395 0.713552 0.869737 0.705339
1 1.0 0.559548 0.988158 0.571869 0.981579 0.571869 0.976316 0.558522 0.981579 0.543121 0.979605 0.531828 0.973684 0.531828 0.969079 0.522587 0.961184 0.526694 0.958553 0.520534 0.954605 0.520534 0.950658 0.530801 0.961184 0.554415 0.959868 0.560575 0.951974 0.565708 0.959211 0.583162 0.965789 0.613963 0.961184 0.61807 0.958553 0.628337 0.966447 0.650924 0.970395 0.676591 0.968421 0.690965 0.976316 0.715606 0.976974 0.738193 0.979605 0.743326 0.981579 0.73306 0.981579 0.674538 0.986842 0.671458 0.993421 0.656057 0.992763 0.63347 1.0 0.586683 1.0 0.559548
1 0.372368 0.602669 0.367105 0.606776 0.353289 0.606776 0.344737 0.581109 0.338158 0.585216 0.336184 0.605749 0.341447 0.613963 0.340789 0.629363 0.346053 0.64271 0.344737 0.648871 0.338816 0.652977 0.338158 0.660164 0.340132 0.665298 0.345395 0.666324 0.348684 0.676591 0.347368 0.679671 0.355263 0.723819 0.351974 0.743326 0.346711 0.7423 0.361184 0.7577 0.365132 0.756674 0.369079 0.74538 0.372368 0.74538 0.374342 0.62731 0.376974 0.62423 0.376316 0.617043 0.372368 0.602669
1 0.341447 0.694045 0.333553 0.685832 0.334211 0.678645 0.330263 0.666324 0.321053 0.674538 0.320395 0.685832 0.328289 0.695072 0.340789 0.734086 0.345395 0.735113 0.346711 0.732033 0.342105 0.717659 0.344079 0.705339 0.341447 0.694045
1 0.257895 0.563655 0.248684 0.555441 0.242763 0.567762 0.234211 0.573922 0.226974 0.562628 0.225 0.552361 0.217105 0.549281 0.213816 0.541068 0.209211 0.542094 0.199342 0.535934 0.200658 0.525667 0.193421 0.51232 0.178947 0.532854 0.169079 0.519507 0.164474 0.519507 0.167105 0.543121 0.175 0.554415 0.176316 0.566735 0.192105 0.603696 0.190132 0.61807 0.178289 0.628337 0.165789 0.628337 0.163816 0.63963 0.167105 0.644764 0.182237 0.648871 0.192763 0.663244 0.188158 0.679671 0.178289 0.684805 0.176974 0.698152 0.178947 0.710472 0.190132 0.73306 0.189474 0.737166 0.2 0.75462 0.234211 0.76386 0.253289 0.752567 0.256579 0.662218 0.267763 0.655031 0.269737 0.647844 0.265789 0.619097 0.250658 0.603696 0.25 0.596509 0.254605 0.587269 0.271053 0.569815 0.271053 0.561602 0.257895 0.563655
1 0.169079 0.716632 0.165789 0.717659 0.163158 0.721766 0.163158 0.725873 0.160526 0.728953 0.153947 0.726386 0.153947 0.720739 0.151974 0.718686 0.150658 0.719713 0.149342 0.723819 0.148026 0.728953 0.147368 0.738193 0.153947 0.761807 0.157895 0.767967 0.175658 0.764887 0.177632 0.76078 0.173026 0.753593 0.169737 0.738193 0.169737 0.727926 0.171053 0.722793 0.171053 0.718686 0.169079 0.716632
1 0.123026 0.691992 0.119079 0.706366 0.088816 0.705339 0.088158 0.702259 0.085526 0.700205 0.081579 0.702259 0.080263 0.709446 0.088158 0.73614 0.088816 0.749487 0.090132 0.752567 0.089474 0.76078 0.092105 0.761807 0.096053 0.759754 0.097368 0.762834 0.105921 0.767967 0.117105 0.76694 0.127632 0.759754 0.132237 0.74538 0.130921 0.724846 0.132237 0.712526 0.126974 0.695072 0.123026 0.691992
1 0.075 0.74538 0.069737 0.738193 0.067105 0.726899 0.063816 0.724846 0.061842 0.727926 0.061184 0.734086 0.061842 0.735113 0.064995 0.745689 0.068652 0.755378 0.05717 0.755245 0.059211 0.76694 0.061842 0.768994 0.066447 0.768994 0.067105 0.767967 0.074342 0.76694 0.078289 0.76386 0.079605 0.76078 0.079605 0.755647 0.078289 0.75154 0.075 0.74538
1 0.042763 0.743326 0.042105 0.743326 0.040132 0.740246 0.038158 0.740246 0.037694 0.754847 0.032237 0.74846 0.029605 0.74538 0.026316 0.74538 0.025 0.746407 0.023684 0.749487 0.023684 0.756674 0.024342 0.7577 0.026974 0.7577 0.028289 0.755647 0.042763 0.76386 0.045395 0.761807 0.046711 0.7577 0.046053 0.752567 0.042763 0.743326
1 0.0 0.757637 0.001097 0.754962 0.005921 0.747433 0.006579 0.74538 0.006579 0.738193 0.005263 0.734086 0.004605 0.73306 0.002632 0.73306 0.001316 0.734086 0.0 0.738193 0.0 0.740246 0.0 0.757637
1 0.0 0.655311 0.002632 0.651951 0.001316 0.643737 0.025 0.631417 0.023026 0.589322 0.026974 0.564682 0.020395 0.561602 0.015789 0.567762 0.006579 0.565708 0.0 0.575975 0.0 0.585216 0.002632 0.599589 0.0 0.600873 0.0 0.655311
1 0.595395 0.713552 0.590789 0.715606 0.590789 0.726899 0.57855 0.760839 0.581579 0.770021 0.586842 0.772074 0.596053 0.76078 0.597368 0.718686 0.595395 0.713552
1 0.540132 0.726899 0.538816 0.734086 0.538158 0.750513 0.540132 0.755647 0.543421 0.752567 0.544737 0.723819 0.540132 0.726899
1 0.561842 0.746407 0.557237 0.7577 0.560526 0.76078 0.565789 0.758727 0.567763 0.75154 0.565789 0.74846 0.561842 0.746407
1 0.671711 0.74846 0.673026 0.758727 0.678947 0.752567 0.680263 0.744353 0.671711 0.74846
1 0.710526 0.74846 0.701316 0.73922 0.696711 0.74538 0.701974 0.755647 0.707237 0.753593 0.7125 0.759754 0.717763 0.74846 0.716447 0.744353 0.710526 0.74846
1 0.772368 0.73306 0.770395 0.737166 0.772368 0.752567 0.782895 0.752567 0.782895 0.744353 0.772368 0.73306
1 0.755263 0.735113 0.748684 0.741273 0.747368 0.74846 0.763158 0.753593 0.763158 0.74846 0.755263 0.735113
1 0.839474 0.74846 0.838816 0.753593 0.844079 0.758727 0.845395 0.75154 0.839474 0.74846
1 0.942105 0.741273 0.930263 0.744353 0.923026 0.721766 0.918421 0.721766 0.919079 0.75462 0.932237 0.761807 0.940132 0.761807 0.945395 0.756674 0.944079 0.74846 0.942105 0.741273
1 0.041118 0.0 0.0 0.025542 0.0 0.167044 0.036184 0.146817 0.057895 0.13963 0.057895 0.134497 0.050658 0.12423 0.051316 0.112936 0.046053 0.10883 0.046053 0.101643 0.044079 0.101643 0.043421 0.084189 0.065132 0.047228 0.071053 0.044148 0.078289 0.045175 0.080263 0.049281 0.096711 0.049281 0.110526 0.032854 0.115789 0.036961 0.115132 0.043121 0.119737 0.046201 0.122368 0.043121 0.136184 0.044148 0.138816 0.040041 0.138158 0.023614 0.150768 0.0 0.041118 0.0
1 0.380263 0.746407 0.377632 0.75154 0.378289 0.758727 0.384868 0.759754 0.385526 0.749487 0.380263 0.746407
1 0.269737 0.744353 0.256579 0.746407 0.254605 0.740246 0.252632 0.741273 0.253289 0.758727 0.265789 0.759754 0.271053 0.765914 0.349786 0.776184 0.353956 0.753559 0.269737 0.744353
1 0.496053 0.762834 0.489474 0.761807 0.467763 0.75154 0.463816 0.746407 0.461842 0.74846 0.430921 0.73614 0.424342 0.741273 0.396053 0.74846 0.390132 0.746407 0.386842 0.75462 0.377632 0.761807 0.396711 0.773101 0.423026 0.776181 0.446053 0.772074 0.457237 0.776181 0.492105 0.770021 0.5 0.76386 0.5 0.758727 0.496053 0.762834
1 0.647368 0.632444 0.647368 0.62115 0.640132 0.619097 0.633553 0.60883 0.6375 0.596509 0.636842 0.585216 0.630263 0.585216 0.625 0.592402 0.619737 0.61499 0.613816 0.62423 0.616447 0.651951 0.623026 0.680698 0.621711 0.702259 0.626974 0.731006 0.619737 0.746407 0.613816 0.744353 0.615132 0.764887 0.628289 0.767967 0.630921 0.76386 0.639474 0.762834 0.642763 0.75154 0.650658 0.743326 0.653289 0.744353 0.655921 0.737166 0.653289 0.728953 0.648026 0.737166 0.643421 0.735113 0.641447 0.722793 0.642763 0.690965 0.638158 0.682752 0.636842 0.671458 0.651974 0.63963 0.647368 0.632444